Name         Age Nat St Tk Ps Sh Ag KAb TAb PAb SAb Gam Sub  Min Mom Sav Con Ktk Kps Sht Gls Ass  DP Inj Sus
------------------------------------------------------------------------------------------------------------
Y_Tsinaji     17 col 15  1  1  1 10 512 300 300 300   5   0  430   0  14  11   0   0   0   0   0   0   1   0
O_Aslinger    17 col 15  1  1  1  8  73 300 300 300   1   1   48   0   0   0   0   0   0   0   0   0   0   0
Q_Cobia       21 bra  1 19  3  5 58 300 495 697  95   2   0  144   0   0   0   0   2   1   0   0  10   0   0
N_Bankey      21 aus  1 18  8 13 33 300 653 273 722   2   0  191   0   0   0   2   1   3   0   0   0   0   0
Y_Bramble     20 den  1 18  3  7 17 292 841 661 807   5   0  478   0   0   0   7   0   3   0   0   0   0   0
Y_Wierhake    21 jap  1 17  3  3 55 300 266 848 365   0   0    0   0   0   0   0   0   0   0   0   0   0   0
F_Springhall  19 cam  1 17  7 10 17 300 767 893 227   4   0  383   1   0   0   2   4   1   0   1   2   0   0
P_Druery      18 col  1 16  6 15 41 300 481 280 776   4   0  382   0   0   0   3   2   2   0   0   0   0   0
D_Bonar       17 pan  1 15 10  7 66 300 797 260 394   2   2   31   0   0   0   0   0   0   0   0   0   0   0
G_Foggin      17 pan  1 15  9 14 22 300 783 280 275   3   0  255   0   0   0   1   0   1   0   0   0   0   0
A_Canchola    21 spa  1  7 20  9 25 300 957 118 167   5   0  415   0   0   0   1   3   4   1   0   0   0   0
S_Daoust      21 hol  1  9 19 12 16 300 303 562 128   5   0  478   1   0   0   1   5   7   2   0   0   0   0
L_Konicki     20 cze  1 16 18  5 20 300 954 761 794   5   0  451   1   0   0   4   7   0   0   0   0   0   0
N_Lace        20 cze  1  7 18  8  8 300 223 540 771   5   3  281   0   0   0   2   3   4   0   0   2   0   0
P_Stokem      19 col  1  8 17  5 59 300 752 655 429   0   0    0   0   0   0   0   0   0   0   0   0   0   0
D_Klees       18 pan  1  3 16  3 12 300 348 669 241   0   0    0   0   0   0   0   0   0   0   0   0   0   0
P_Armes       18 aus  1  4 15  4  9 300 309 481 308   0   0    0   0   0   0   0   0   0   0   0   0   0   0
U_Andrassy    16 pan  1  2 14  3 19 300 595 927 999   3   0  287   0   0   0   0   2   1   0   1   0   0   0
H_Klosset     21 cam  1  3  7 19 40 300 303 474 736   3   1  223   0   0   0   1   2   3   0   0   0   0   0
Y_Pooter      20 nig  1  8  9 18 31 300 699 916 413   5   0  478   0   0   0   0   0   6   1   0   0   0   0
N_Wolfenden   17 col  1  5  5 14 31 300 727 727 494   0   0    0   0   0   0   0   0   0   0   0   0   0   0
D_Lettrich    16 pan  1  8 13 14 39 300 333 713 357   3   0  256   0   0   0   2   1   1   0   0   0   0   0
