Name         Age Nat St Tk Ps Sh Ag KAb TAb PAb SAb Gam Sub  Min Mom Sav Con Ktk Kps Sht Gls Ass  DP Inj Sus
------------------------------------------------------------------------------------------------------------
K_Maisuradze  29 geo 27  1  1  1  6 576 480 660 480   5   0  472   0  21  10   0   0   0   0   0   0   0   0
Z_Vautour     23 bel 23  1  1  1 19 450 450 450 450   0   0    0   0   0   0   0   0   0   0   0   0   0   0
Q_Lecroy      23 fra 18  1  1  1 20 666 300 300 300   0   0    0   0   0   0   0   0   0   0   0   0   0   0
Y_Farlane     31 bel  4 29 23  7 12 570 122 388 504   5   0  472   0   0   0   3   4   4   0   0   0   0   0
F_Larouso     31 ita  2 26 22  7 10 480 850 305 721   5   0  472   0   0   0   5   8   4   1   0   0   0   0
B_Corgan      27 spa  9 25 18 16 14 276 726  46 777   5   0  472   0   0   0   4   3   8   1   0   0   0   0
O_Tal         32 KOR  9 24 15  9 40 300 366 711 165   0   0    0   0   0   0   0   0   0   0   0   0   0   0
E_Carlo       26 bra  8 23 15 14 10 300 977 645 501   5   0  472   3   0   0   8   7   8   2   1   0   0   0
C_Salmon      23 sco  7 21 15  6 36 300 768 771 469   1   0   57   0   0   0   0   1   0   0   0   0   0   0
J_Chasarik    22 geo  6 20 15 16 12 305 977  62 225   0   0    0   0   0   0   0   0   0   0   0   0   0   0
J_Elliott     22 sco  1 17  4  7 41 300 837  99  23   0   0    0   0   0   0   0   0   0   0   0   0   0   0
S_Terpis      28 bel  1  5 29 19 13 690 982 338 556   5   0  472   0   0   0   1  10   7   2   1   0   0   0
W_Belcher     28 ire  2  6 28 18 23 480 766 337 860   5   0  472   0   0   0   2   6   3   1   1   0   0   0
I_Morani      27 ita  6 16 25 16 14 382 600 855 461   5   0  472   0   0   0   0   9   6   1   0   2   0   0
P_Fullic      27 cro  6 11 23 12 30 300 424 951 435   3   0  281   0   0   0   1   9   4   0   1   4   0   0
C_Brunt       23 nir  6 13 22 15 30 480 427 891 637   4   0  288   0   0   0   1   6   3   0   1   2   0   0
F_Rae         22 eng  1 17 21  5 49 390 549 138 373   0   0    0   0   0   0   0   0   0   0   0   0   0   0
E_Fuggle      24 mex  1  7 19 14 36 675 663 987 955   0   0    0   0   0   0   0   0   0   0   0   0   0   0
K_Souders     30 cro  6 16 15 28 22 490 935 153 506   4   0  380   0   0   0   1   1  11   2   0   2   0   0
C_Bussard     31 egy  1  1  6 26 23 300 547  90 304   3   1  276   0   0   0   0   1  11   1   1   0   0   0
J_Thurson     29 sco  5 15 18 24 11 300 477 534 795   1   0   97   0   0   0   0   1   2   0   0   0   0   0
K_Bell        26 wal  1  2 15 23 27 300 327 387 657   1   1   37   0   0   0   0   1   1   0   0   2   0   0
