Name         Age Nat St Tk Ps Sh Ag KAb TAb PAb SAb Gam Sub  Min Mom Sav Con Ktk Kps Sht Gls Ass  DP Inj Sus
------------------------------------------------------------------------------------------------------------
AJ_Conquest   26 aus 27  2  2  2 31 147 391 581 381   2   0  188   0  14   1   0   0   0   0   0   0   0   0
C_Stankey     30 sco 24  2  2  2 41 112 157 347 147   0   0    0   0   0   0   0   0   0   0   0   0   0   0
R_Dasayev     22 rus 20  1  1  1 24 724 706 896 696   0   0    0   0   0   0   0   0   0   0   0   0   0   0
T_Campbell    27 eng  2 27 18 10 15 435  95  45 801   2   0  188   0   0   0   2   0   3   0   0   0   0   0
Marc_de_Man   28 bel  2 26 18  7 15 597 921  23 626   2   0  188   0   0   0   1   1   0   0   1   0   0   0
D_Tchameni    34 CAM  2 26 13  5 22 300 751 113 657   2   1   95   0   0   0   1   0   1   0   0   0   0   0
AJ_Kokic      23 cro  7 25 15 10 26 300 383  89 319   2   0  188   0   0   0   1   1   1   0   0   0   0   0
AJ_Bauer      23 usa  2 23 13 21 31  75 275 850 633   2   0  188   0   0   0   1   2   4   0   0   0   0   0
Aleta         24 bra  1 23 20  7 12 876 999 908 372   0   0    0   0   0   0   0   0   0   0   0   0   0   0
C_Ridley      26 eng  2 20 14  8 67 669 595 527 859   0   0    0   0   0   0   0   0   0   0   0   0   0   0
N_Davy        22 eng  1 19 16  9 16 696 949 975 465   0   0    0   0   0   0   0   0   0   0   0   0   0   0
J_Weatherbie  31 arg  4  9 26 15 30 615 217 528 469   2   0  188   0   0   0   1   1   2   0   1   0   0   0
Joey_Andava   27 fin  2 22 26  5 17 651 836 397 553   2   0  149   0   0   0   1   8   0   0   0   0   0   0
Nortinho      27 bra  2  7 25 21 29 793 271 678 626   2   0  188   1   0   0   0   2   6   2   0   0   0   0
C_Fee         27 eng  2 11 24 18 13 639 790 195 932   0   0    0   0   0   0   0   0   0   0   0   0   0   0
Joey_Campbell 24 eng  1 17 24 19 16 966 767 439 234   2   0  188   0   0   0   0   1   4   0   0   0   0   0
Y_Dehoyos     25 far  2  2 24 22 29   9 644  43 209   1   1   39   0   0   0   0   1   0   0   0   0   0   0
J_Neeskens    22 hol  1 10 19  7 32 984 492 644  45   0   0    0   0   0   0   0   0   0   0   0   0   0   0
H_Lewis       27 eng  1  6 16 26 25 300   8 569  27   2   0  188   1   0   0   0   2   4   3   1   0   0   0
T_Rooney      28 eng  2  6 15 25 20 597 310 439 569   2   1   93   0   0   0   0   1   4   0   0   0   0   0
JoJo_Camez    23 mex  1  6 16 23 23 840 785 607 195   0   0    0   0   0   0   0   0   0   0   0   0   0   0
