Name         Age Nat St Tk Ps Sh Ag KAb TAb PAb SAb Gam Sub  Min Mom Sav Con Ktk Kps Sht Gls Ass  DP Inj Sus
------------------------------------------------------------------------------------------------------------
R_Dasayev     20 rus 20  1  1  1 24 436 626 686 626   0   0    0   0   0   0   0   0   0   0   0   0   0   0
AJ_Stretch    18 eng 18  1  1  1 38 899 474 534 474   6   0  571   0  29  11   0   0   0   0   0   0   0   0
Hans_Slipp    20 ger 17  1  1  1 11 604 626 686 626   0   0    0   0   0   0   0   0   0   0   0   0   0   0
AJ_Bauer      21 usa  2 22 12 21 31   5 383 338 194   6   0  571   0   0   0   6   4  14   3   2   0   0   0
AJ_Zanetti    20 arg  1 21 19 11 17 734 469 722 406   6   0  571   0   0   0   8   5   3   1   0   0   0   0
N_Davy        20 eng  1 19 16  8 16 626 150 139 886   1   1   26   0   0   0   0   0   0   0   0   0   0   0
M_Oxley       19 wal  1 18  8  6 18 626 165 915 746   0   0    0   0   0   0   0   0   0   0   0   0   0   0
U_Plonka      20 ukr  1 17  6 11 17 770 964 164 429   0   0    0   0   0   0   0   0   0   0   0   0   0   0
H_Gregory     19 nir  1 17  6  4  8 474 924 580 218   0   0    0   0   0   0   0   0   0   0   0   0   0   0
AJ_Santos     17 bra  1 17 12 10 15 474 556 772 804   6   0  571   0   0   0   6   4   6   2   0   2   0   0
S_Holan       18 nzl  1 17 14 16  9 330 749 359  62   6   0  571   2   0   0   6  10  10   3   1   0   0   0
Baz_Trident   18 nzl  1 17  4  7 41 626   3 743 165   0   0    0   0   0   0   0   0   0   0   0   0   0   0
G_Wizz        18 aus  1 16  4  5 20 474 669 132 592   0   0    0   0   0   0   0   0   0   0   0   0   0   0
AJ_Primrose   21 eng  1  7 22 16 31 872 643 945 501   6   0  571   0   0   0   2   4   6   0   1   0   0   0
A_Vasofiano   21 ita  1 17 22  4 30 826 701 236 312   6   0  537   0   0   0   4  12   8   1   1   0   0   0
J_Neeskens    20 hol  1 10 19  6 32 914 192 117 766   0   0    0   0   0   0   0   0   0   0   0   0   0   0
J_Dasiwa      19 por  1 14 18 10 12 330 402 941 373   6   1  443   0   0   0   3   5   4   1   0   0   0   0
Dodie_Smith   19 eng  1  3 17  7 35 626 596 908 912   0   0    0   0   0   0   0   0   0   0   0   0   0   0
A_M_Campbell  17 eng  1 13 17  4 19 474 844 286 328   5   0  451   1   0   0   2  13   2   0   2   0   0   0
Willy_Kerkhof 17 hol  1  4 16  6 17 474 924 816 611   0   0    0   0   0   0   0   0   0   0   0   0   0   0
Alan_Michael  17 eng  1 13 16  9 38 330 822 286 760   3   2  162   0   0   0   0   5   1   0   1   0   0   0
JoJo_Camez    21 mex  1  6 15 22 23 770 495 850 484   6   0  571   0   0   0   1   6   9   2   1   0   0   0
Teo_Cubillas  18 per  1 13 10 18  8 474 830 157  89   3   1  207   0   0   0   1   2  11   0   1   0   0   0
AJ_di_Camano  17 arg  1 15 16 17 39 474 335 432 409   5   0  458   0   0   0   1   7  13   1   0   0   0   0
H_Grinter     16 hun  1  7  5 15 57 330 636  29 173   0   0    0   0   0   0   0   0   0   0   0   0   0   0
