Name         Age Nat St Tk Ps Sh Ag KAb TAb PAb SAb Gam Sub  Min Mom Sav Con Ktk Kps Sht Gls Ass  DP Inj Sus
------------------------------------------------------------------------------------------------------------
B_Jackson     20 usa 17  1  1  1 36 195 300 300 300   0   0    0   0   0   0   0   0   0   0   0   0   0   0
Jurgensmeier  17 nzl 15  1  1  1 16 568 300 300 300   3   0  287   0  12   3   0   0   0   0   0   0   0   0
H_Chang       18 jap 15  1  1  1 43 225 300 300 300   0   0    0   0   0   0   0   0   0   0   0   0   0   0
E_Verchsion   21 arg  1 17  7  6 43 300  13 104 121   1   1   18   0   0   0   0   0   0   0   0   0   0   0
N_Heywood     20 nir  1 17 10  8  9 300 913  70 108   3   0  269   0   0   0   3   1   2   1   0   0   0   0
L_Pulley      19 usa  1 17  7 13 12 300 564 425 281   3   0  287   0   0   0   3   1   6   0   0   0   0   0
D_Hargrave    18 nzl  1 17  7  5  9 300  20 514 264   3   0  287   0   0   0   6   0   2   1   0   0   0   0
Owen_Evans    20 wal  1 11 17  3 12 300 734 548 240   3   0  287   0   0   0   1   5   1   0   0   0   0   0
A_Hall        19 eng  1  7 17 12 52 300 636  44 131   3   0  287   1   0   0   1  10   3   1   2   0   0   0
T_Leiter      18 mex  1  4 16  6 31 300 433 943 316   0   0    0   0   0   0   0   0   0   0   0   0   0   0
T_Bowles      19 nzl  1 10 16  5 24 300 954 918 645   3   0  287   0   0   0   1   5   4   2   0   0   0   0
A_Naggiar     19 cam  1  8 16  7 14 300 610 868 701   3   0  287   1   0   0   1   7   2   1   1   0   0   0
C_Brewswater  18 bel  1  6 16  3 10 300 443 686 255   0   0    0   0   0   0   0   0   0   0   0   0   0   0
P_Abdulla     18 egy  1  6 15  7 39 300 430 874 393   3   0  287   0   0   0   1   5   8   1   1   0   0   0
G_Jackson     20 usa  1  8  4 17 16 300 771 211 565   3   0  287   1   0   0   0   1  16   3   1   2   0   0
J_Moreman     19 eng  1  6  7 16 32 300 750 250 823   0   0    0   0   0   0   0   0   0   0   0   0   0   0
D_Frair       18 arg  1  3  3 16 12 300 184 205 538   0   0    0   0   0   0   0   0   0   0   0   0   0   0
C_Bailey      17 nzl  1  3 11 15 25 300 896 952 483   3   0  287   0   0   0   0   4   7   1   1   0   0   0
Pavlyuchenko  16 rus  1  4  9 13 32 300 371 415 527   0   0    0   0   0   0   0   0   0   0   0   0   0   0
