Name         Age Nat St Tk Ps Sh Ag KAb TAb PAb SAb Gam Sub  Min Mom Sav Con Ktk Kps Sht Gls Ass  DP Inj Sus
------------------------------------------------------------------------------------------------------------
R_McBekah     18 sco 19  1  1  1 56 634 300 300 300   9   0  857   0  62  13   0   0   0   0   0   0   0   0
R_Noodle      18 jap 16  1  1  1 25 650 300 300 300   0   0    0   0   0   0   0   0   0   0   0   0   0   0
D_Ropalot     16 rus 14  1  1  1  9 829 300 300 300   0   0    0   0   0   0   0   0   0   0   0   0   0   0
J_Stam        18 hol  1 17  7 10 50 300 375 215 241   5   0  439   0   0   0   4   0   5   2   0  10   0   0
S_Gambetta    18 uru  1 17  7  4 12 300 376 884 836   9   0  857   0   0   0  10   4   4   0   0   2   0   0
V_Flamang     21 ger  1 16  6  4 53 300 842 729 789   0   0    0   0   0   0   0   0   0   0   0   0   0   0
A_Hansen      18 sco  1 15 11  5 29 300 951 558 150   4   0  382   0   0   0   9   4   2   0   0   0   0   0
D_Apperlaughs 17 ire  1 15 10  9 75 300 820 560 857   9   0  857   0   0   0  11   4   6   2   0   4   0   0
R_Uby         16 gre  1 15  9  9 13 300 945 560 389   9   0  857   2   0   0  13   8   7   0   0   2   0   0
X_Wittke      17 hol  1 14  9  4 41 300 634 970 868   3   3   99   0   0   0   1   0   0   0   0   0   0   0
F_Meister     19 eng  1  4 19 16 51 300  35 797  86   9   0  857   0   0   0   0  13  11   2   0   2   0   0
R_L_Aitch     19 eng  1  4 19 14 21 300 128 384 319   9   0  725   1   0   0   2  11  15   1   1   0   0   0
Q_Claspill    21 nig  1  5 18  3 33 300 131 245 155   0   0    0   0   0   0   0   0   0   0   0   0   0   0
F_De_Finster  18 bel  1 12 18  3 47 300 369 451 300   8   0  670   0   0   0   1   9   0   0   0  10   0   0
O_Jewer       17 fra  1  3 18 10 23 300  22 238   8   8   1  689   0   0   0   1  14   6   0   2  12   0   0
V_Lindelof    19 swe  1 15 17  6 51 300 927 425 829   2   0  188   0   0   0   1   2   0   0   0   0   0   0
Efftee        17 por  1 15 16  2 24 300 563 674 885   9   0  857   0   0   0   3  13   1   0   1   0   0   0
C_Bellamy     20 wal  1  3  8 18 11 300 521 320 616   9   0  857   0   0   0   1   4  31   4   0   0   0   0
S_Berenson    20 usa  1  3  7 17 43 300 917 372 282   0   0    0   0   0   0   0   0   0   0   0   0   0   0
