Name         Age Nat St Tk Ps Sh Ag KAb TAb PAb SAb Gam Sub  Min Mom Sav Con Ktk Kps Sht Gls Ass  DP Inj Sus
------------------------------------------------------------------------------------------------------------
J_Longthorne  19 nir 17  1  1  1 11 340 300 300 300   1   0   94   0   1   3   0   0   0   0   0   0   0   0
Y_Boling      19 egy 16  1  1  1 11 826 300 300 300   0   0    0   0   0   0   0   0   0   0   0   0   0   0
G_Topal       19 uru 16  1  1  1 29 353 300 300 300   0   0    0   0   0   0   0   0   0   0   0   0   0   0
V_Medearis    20 por  1 19  4  3 33 300 204 259 849   1   0   94   0   0   0   3   0   1   1   0   0   0   0
D_Vigil       20 cam  1 17  7  2 26 300 818 186 691   1   0   94   0   0   0   1   0   0   0   0   0   0   0
K_Daller      19 fra  1 16  5  4 16 300 784 520  44   1   0   94   0   0   0   1   0   1   0   0   0   0   0
A_Milling     18 por  1 16  9  8 44 300 529 771 869   1   0   94   0   0   0   2   0   3   0   0   0   0   0
V_Milton      18 fra  1 16  4  6 53 300 265 239  56   0   0    0   0   0   0   0   0   0   0   0   0   0   0
M_Kopishke    17 cze  1 15  5  5  9 300 375 633 639   0   0    0   0   0   0   0   0   0   0   0   0   0   0
U_Londino     17 ita  1 15  2  4 50 300 707 187 456   0   0    0   0   0   0   0   0   0   0   0   0   0   0
L_Popkes      16 cze  1 13  2 13 33 300 128 156 230   0   0    0   0   0   0   0   0   0   0   0   0   0   0
G_Broome      20 nzl  1 10 20  6 16 300 298 444 604   1   0   94   0   0   0   0   3   1   0   1   2   0   0
L_Claybaugh   21 arg  1  4 18  3 38 300 479 143 258   1   0   94   0   0   0   0   3   0   0   0   0   0   0
C_Ramon       20 bel  1  8 17 11 61 300 294 263 267   1   0   94   0   0   0   0   4   2   0   1   2   0   0
V_Mehmet      20 egy  1  5 17  3 13 300 772 174 839   1   0   94   0   0   0   0   1   0   0   0   0   0   0
I_Smaill      20 wal  1  8 17  3 12 300 440 354 442   0   0    0   0   0   0   0   0   0   0   0   0   0   0
Q_Saurman     18 jap  1  5 15 11 14 300 151 249 836   0   0    0   0   0   0   0   0   0   0   0   0   0   0
A_Earlywine   18 fra  1  4 15  4 28 300 385 228 364   0   0    0   0   0   0   0   0   0   0   0   0   0   0
E_Stadelman   17 aus  1  7 14  3 55 300 219 913 499   0   0    0   0   0   0   0   0   0   0   0   0   0   0
A_Hunt        21 eng  1  7  4 19 39 480  55 859 289   1   0   94   0   0   0   2   0   3   0   0   2   0   0
K_MacDonald   20 sco  1 10  3 18 23 480 156 344 610   1   0   94   0   0   0   0   0   2   1   0   0   0   0
K_Fogerty     21 swe  1  5  5 18 15 300 906 931 902   0   0    0   0   0   0   0   0   0   0   0   0   0   0
G_Haagensen   20 hol  1 11  8 17 52 300 203 558 826   0   0    0   0   0   0   0   0   0   0   0   0   0   0
N_Klymochko   19 rus  1  3  5 16 23 300 856 779 384   0   0    0   0   0   0   0   0   0   0   0   0   0   0
E_Armfield    17 cam  1 10  4 16 29 300 754 830  67   0   0    0   0   0   0   0   0   0   0   0   0   0   0
