Name         Age Nat St Tk Ps Sh Ag KAb TAb PAb SAb Gam Sub  Min Mom Sav Con Ktk Kps Sht Gls Ass  DP Inj Sus
------------------------------------------------------------------------------------------------------------
J_Zollinger   20 bel 19  1  1  1 36 212 300 300 300  18   0 1708   0  90  33   0   0   0   0   0   2   0   0
U_Halsey      21 aus  1 19  8 15 45 300 713 191 549  18   0 1666   1   0   0  12   9  36   4   3   2   0   0
Y_Kostelecky  18 slv  2 19 17 14 11 300 631  44 972  17   0 1542   1   0   0  19  21  25   3   1  10   0   0
Y_Polivick    20 nig  1 17  8  9 26 300 406 340 147  10   5  510   0   0   0   4   3   4   0   0   2   0   0
A_Boate       18 sau  1 17  8  4 12 300 602   9 669  18   0 1582   1   0   0  24  12   1   0   2   0   0   0
N_Stoercer    17 can  1 16  8  5 18 300 403 555 292  10   2  729   0   0   0   5   2   4   1   0   0   0   0
K_Routon      17 can  1 15  5  7  8 300 184 585  57   0   0    0   0   0   0   0   0   0   0   0   0   0   0
N_Wiseman     20 aus  3  6 21 15 24 500 446 420 798  18   0 1633   1   0   0   3  29  29   1   1   8   0   0
I_Brent       19 kor  1 14 18  4 33 300 406 307 488  17   0 1574   0   0   0   2  19   5   2   0   4   0   0
T_Tomme       18 sau  1  2 17 13 12 300 760 577 889  17   0 1489   1   0   0   1  24  16   3   3   2   0   0
D_Losso       17 can  1 12 16  5 14 300 333 627 700  15   6  848   0   0   0   2  19   4   0   2   0   0   0
X_Vignola     17 sau  1 13 16  6 18 300  25 350 927  12   2  913   0   0   0   5  16   3   0   1  12   0   0
N_Grihorash   18 egy  1 11 16 11 32 300 545  78  28   9   2  597   0   0   0   1   6   6   1   1   2   0   0
N_Hertz       19 aut  2 11 17 20 28 300 810 972 445  16   0 1478   2   0   0   6  20  42   4   2   0   0   0
K_Coulthurst  21 nig  1  6  7 18 42 300  85 612 303   8   5  432   0   0   0   0   2  12   0   0   0   0   0
C_Garho       17 por  4  9 15 18 37 300 817 861 318  13   0 1195   0   0   0   5  12  32   1   0   2   0   0
N_Krippner    17 can  1  5  4 16 43 300 246 432 118   5   2  365   0   0   0   0   1   9   1   0   2   0   0
Y_Knepper     17 sau  1 14  3 15 19 300 807  68 217  10   9  432   0   0   0   5   2   4   2   0   0   0   0
