Name         Age Nat St Tk Ps Sh Ag KAb TAb PAb SAb Gam Sub  Min Mom Sav Con Ktk Kps Sht Gls Ass  DP Inj Sus
------------------------------------------------------------------------------------------------------------
A_Zubizarreta 31 AUS 26  2  1  1 14 211  69 760 760  27   0 2589   0 151  48   0   0   0   0   0   2   0   0
Floki         23 aus 23  1  1  1 12 745 590 390 390   1   0   93   0  11   3   0   0   0   0   0   0   0   0
U_Sturdy      29 aus 21  2  2  2 38 605 669 361 361   0   0    0   0   0   0   0   0   0   0   0   0   0   0
V_Marvel      26 usa 21  2  2  2 50 522 757 449 449   0   0    0   0   0   0   0   0   0   0   0   0   0   0
A_Fagina      28 aus  2 26 16 13 16 305 945  83 391  28   0 2682   1   0   0  40  17  26   1   0   4   0   0
Komodo64      29 ind  1 26 16  9 14 930  40 875  48  27   0 2589   2   0   0  30  19  20   2   2   2   0   0
Scarface      24 usa  2 24 20 17 22 185 508 665 338  27   0 2522   3   0   0  34  30  23   3   2  16   0   0
Haymitch      21 aus  1 23 17 19 23 759 903 728 833  28   0 2353   2   0   0  30  18  23   2   0   0   0   0
X_Maugeri     26 por  2 22 19  7 31 255 448  19 541  14   8  893   0   0   0  11   6   4   0   0   0   0   0
C_Bronson     24 eng  2 21 10  6 12 111 614 756 392   1   1   24   0   0   0   0   0   1   0   0   0   0   0
Sousa         30 uru  2 17 25 11 13 920 110 598 631  20   0 1840   0   0   0  16  48   9   2   5   4   1   0
M_Gibson      26 aus  2  8 25 22 39 593 749 100 490  25   0 2361   0   0   0   4  41  37   5   3  22   0   0
Sammy_TheBull 29 usa  2 22 24  6 34 449 969 737 888  25   0 2246   0   0   0  17  38   9   0   4   4   0   0
Patman        25 aus  2 14 23 19 29 329 175 581 477  24   0 2192   2   0   0  11  45  33   5   5   2   5   0
K_Florian     23 aus  1 10 22  8 57 732 700  91 126  12   6  816   0   0   0   6  14   3   0   2   4   0   0
F_Griffin     22 aus  1  5 21 18 72 714 786  48  55   5   4  244   0   0   0   0   5   3   0   1   0   1   0
B_Thackrah    26 ire  2 16 18 16 39 595 998 378 203   0   0    0   0   0   0   0   0   0   0   0   0   0   0
Jax_Teller    28 aus  1  2 16 27  8 542  34 207 436  21   0 1953   0   0   0   3  12  44  11   1   2   0   0
Zangief       27 aus  1  5  9 26 29 626 878 179  91  28   0 2682   1   0   0   3  10  56  13   0   2   0   0
P_Ken         24 jap  2  7 20 21 27 251  91  38 690  17   3 1321   1   0   0   2  24  19   1   3   0   0   0
J_Sieliet     23 bel  1  6 12 19 23 300 298 629 486   0   0    0   0   0   0   0   0   0   0   0   0   0   0
