Name         Age Nat St Tk Ps Sh Ag KAb TAb PAb SAb Gam Sub  Min Mom Sav Con Ktk Kps Sht Gls Ass  DP Inj Sus
------------------------------------------------------------------------------------------------------------
J_Husok       19 eng 18  1  1  1 30 624 577 577 577  10   0  954   0  47  22   0   0   0   0   0   0   0   0
E_Mordrake    18 aus 17  1  1  1 42 255 300 300 300   0   0    0   0   0   0   0   0   0   0   0   0   0   0
Half_Sack     21 aus  1 21 10  6  5 937 403 817 312  10   0  954   0   0   0  11   8   1   0   0   0   0   0
I_Burkins     20 den  1 19  5  7  8 740 862 333 887  10   0  954   0   0   0  11   2   5   0   1   0   0   0
The_Imp       19 aus  1 19 15 14 31 577 890 992 834  10   0  954   2   0   0  22   7  11   2   1   2   0   0
J_Snow        20 aus  1 19  3  7 16 577 227 728 885  10   0  682   0   0   0   9   0   2   0   0   0   0   0
T-Bag         19 aus  1 19  6 13 19 703 161 528 275   8   0  623   0   0   0   9   0   4   0   0   4   0   0
S_Baratheon   18 aus  1 17  9  4 10 529 266 120 923   2   2  140   0   0   0   5   1   0   0   0   0   0   0
J_Darling     17 aus  1 15  3  8  9 300 786 782 867   0   0    0   0   0   0   0   0   0   0   0   0   0   0
D_Diaz        19 aus  1  9 19  5 24 444  62 466 143  10   0  954   0   0   0   2  15   1   0   1   6   0   0
A_Vause       19 aus  1  1 19  9 26 444 998  21 777  10   0  954   0   0   0   1   7   9   2   0   2   0   0
G_Gardner     18 aus  1  4 18  5 27 396 118 347 553  10   0  954   0   0   0   2  16   2   0   5   0   0   0
S_Stirbei     19 rom  1  7 17  3 27 577 867 269 638   1   0   94   0   0   0   0   3   0   0   0   0   0   0
G_Beadle      18 aus  1  7 16  5 16 300 552 664 354   1   0   97   0   0   0   3   2   0   0   0   0   0   0
J_Tindale     17 aus  1  8 16  3 63 300 727 308  73   0   0    0   0   0   0   0   0   0   0   0   0   0   0
J_Mormont     18 aus  1  4 15 10 12 577 771 898 787   0   0    0   0   0   0   0   0   0   0   0   0   0   0
E_Stark       20 aus  1  7  6 19 10 577 449  63 349  10   0  954   0   0   0   1   7  14   3   0   0   0   0
Khal_Drogo    18 aus  1  3 15 18 20 588 610 290 837  10   0  954   2   0   0   0   4  14   6   0   0   0   0
P_Baelish     19 aus  1  5  9 16 32 577 998 751 952   7   7  272   0   0   0   0   1   2   0   1   0   0   0
Crazy_Eyes    17 aus  1  2 12 15 20 444  64 111 774   0   0    0   0   0   0   0   0   0   0   0   0   0   0
Scotty_T      16 aus  1  3  4 14 28 300 406 541 648   0   0    0   0   0   0   0   0   0   0   0   0   0   0
