Name         Age Nat St Tk Ps Sh Ag KAb TAb PAb SAb Gam Sub  Min Mom Sav Con Ktk Kps Sht Gls Ass  DP Inj Sus
------------------------------------------------------------------------------------------------------------
A_Linde       20 swe 18  1  1  1 32 794 690 870 690   1   0   96   0   5   1   0   0   0   0   0   0   0   0
P_Jennings    16 nir 17  1  1  1 17 722 420 420 420   7   0  670   0  21   6   0   0   0   0   0   0   0   0
Arrizabalaga  18 spa 17  1  1  1 24  81 420 420 420   0   0    0   0   0   0   0   0   0   0   0   0   0   0
J_Palomino    19 ita  1 19 11 12 10 690 450  32 402   8   0  766   1   0   0   4   9  12   1   0   0   0   0
T_Tiss        21 aus  1 17  7  3 45 646 746 580 782   2   0  191   0   0   0   2   0   0   0   0   0   0   0
Wim_Suurbier  20 hol  1 17  6  3  8 870 898 195 804   2   0  192   1   0   0   4   0   2   1   0   0   0   0
R_Guerreiro   18 por  1 17 11  9 14 690 635 111 261   7   0  670   0   0   0   1   5   9   3   1   0   0   0
K_Longair     18 por  1 17 12 12 13 555 111 475 345   7   0  670   1   0   0   7   8  10   2   1   0   0   0
H_Bellerín    16 spa  1 15  7  7 20 420 113 456 669   0   0    0   0   0   0   0   0   0   0   0   0   0   0
Zico          20 bra  1 16 23 18 23 870 408 134  16   8   0  766   1   0   0   2  22  17   3   6   2   0   0
Ruben_Pinto   19 por  1 14 19  8 23 690 164 490 538   8   0  743   0   0   0   3  10   5   2   1   2   0   0
H_Bodmer      19 cze  1  9 19 11 33 725 890 415 924   8   0  766   0   0   0   2  13   5   0   3   2   0   0
Stephane_Mbia 20 cam  1  4 18  8 34 690  92 879 756   1   0   96   0   0   0   0   1   0   0   0   0   0   0
A_Hjulsager   18 den  1  4 18  6  9 690 354 894 826   1   1   23   0   0   0   0   1   0   0   1   0   0   0
Didier_Six    18 fra  1 15 17  7 24 420 884 942 145   7   0  670   0   0   0   2  11   1   0   2   0   0   0
E_Porath      17 egy  1  7 16  7 16 555 153 645 200   0   0    0   0   0   0   0   0   0   0   0   0   0   0
L_Romero      18 arg  1 11 16  4 11 690 312 424 677   0   0    0   0   0   0   0   0   0   0   0   0   0   0
E_Nwachi_Jr   21 nig  2  6 16 23 10 870 503 914 462   7   0  554   1   0   0   1   3  14   4   0   0   0   0
J_Molby       20 den  1 17 14 23 10 870 351 377 335   8   0  621   1   0   0   2   4  25   3   1   0   0   0
K_Larsen      20 den  1  4  4 17 50 690 352 460 769   1   1   42   0   0   0   0   0   0   0   0   0   0   0
X_Castillejo  17 spa  1  6 12 15 10 420 749 518 818   5   4  315   0   0   0   1   4  17   1   0   0   0   0
S_Deulofeu    16 spa  1  2  8 14 24 420 518 444 669   0   0    0   0   0   0   0   0   0   0   0   0   0   0
