Name         Age Nat St Tk Ps Sh Ag KAb TAb PAb SAb Gam Sub  Min Mom Sav Con Ktk Kps Sht Gls Ass  DP Inj Sus
------------------------------------------------------------------------------------------------------------
K_Bjorklund   32 SWE 25  1  1  1 40 196 390 570 300   2   0  190   0   8   7   0   0   0   0   0   0   0   0
I_Kelava      32 cro 21  3  3  3 34 675 531 595 607   0   0    0   0   0   0   0   0   0   0   0   0   0   0
G_Rewton      23 ger 19  1  1  1 12 327 300 300 300   0   0    0   0   0   0   0   0   0   0   0   0   0   0
F_Millas      30 mex  3 24 11  4 28 300 177 834 449   2   0  190   0   0   0   7   0   0   0   0   0   0   0
L_Hullender   30 geo  1 24  3  9 38 300  71 265 447   2   0  181   1   0   0  12   0   1   0   0   0   2   0
E_Lumsden     29 por  1 21  9 10 51 300 786 426  75   2   0  190   0   0   0   3   0   2   0   0   0   0   0
W_Schug       27 arg  1 21  6  3 58 300 199  17 273   2   0  190   0   0   0   4   1   1   0   0   4   0   0
S_Gamgee      22 eng  1 20  3 15 15 300 515 191 603   1   1    9   0   0   0   0   0   0   0   0   0   0   0
X_De          27 kor  1 20  7  5 17 300  56 167 891   0   0    0   0   0   0   0   0   0   0   0   0   0   0
W_DeVries     24 spa  1 19  8  6 10 264 615 960 235   0   0    0   0   0   0   0   0   0   0   0   0   0   0
L_Skywalker   23 usa  1 19  7 16 23 300 737 175 719   0   0    0   0   0   0   0   0   0   0   0   0   0   0
M_Stonebridge 23 eng  1 19  5  5 12 300 623 244 672   0   0    0   0   0   0   0   0   0   0   0   0   0   0
Z_Cacic       23 cro  1 18  4  3 11 300 689 783 177   0   0    0   0   0   0   0   0   0   0   0   0   0   0
T_Cahill      28 aus  4 11 25 13 28 300 632 505 863   2   0  190   0   0   0   2   2   3   2   2   0   0   0
F_Venters     32 hol  3 11 22  1 25  68  68 126 684   2   0  190   0   0   0   0   1   0   0   0   0   0   0
F_Rae         25 eng  1 18 22  5 49 390 231 581 481   2   0  190   0   0   0   0   1   1   1   0   0   0   0
F_Goan        27 uru  1  7 21 17 39 300  29 731 832   2   0  190   0   0   0   0   4   1   1   1   0   0   0
A_Veccia      25 ita  1  4 19  5  8 300 514 230 235   0   0    0   0   0   0   0   0   0   0   0   0   0   0
Leandro_Lima  24 bra  1  5 19  5 13 300 289 270 238   0   0    0   0   0   0   0   0   0   0   0   0   0   0
B_Klinzing    23 bel  1  3 19  9 49 300 470 696 113   0   0    0   0   0   0   0   0   0   0   0   0   0   0
H_Potter      22 eng  1  4 19  7 44 300 116 606  93   0   0    0   0   0   0   0   0   0   0   0   0   0   0
Bob_Becks     22 uru  1  8 19  7 38 300 784 417 729   0   0    0   0   0   0   0   0   0   0   0   0   0   0
F_Blanchard   33 fra  1  4 11 21 27 300 814 400 956   2   0  190   1   0   0   0   2   5   3   2   0   0   0
V_Lundstrom   31 swe  8 10 15 22 20 300 256 668  65   2   0  190   0   0   0   0   2   5   2   0   0   0   0
N_Seelig      26 rus  1  4  3 19  8 690 648 669 323   0   0    0   0   0   0   0   0   0   0   0   0   0   0
N_Brody       23 usa  1  7  3 19  9 300  14 157 419   0   0    0   0   0   0   0   0   0   0   0   0   0   0
J_Yerigan     23 egy  1  2  9 17 24 390 642 307 977   0   0    0   0   0   0   0   0   0   0   0   0   0   0
