Name         Age Nat St Tk Ps Sh Ag KAb TAb PAb SAb Gam Sub  Min Mom Sav Con Ktk Kps Sht Gls Ass  DP Inj Sus
------------------------------------------------------------------------------------------------------------
B_Brolin      21 den 20  1  1  1 32 856 300 300 300   8   0  753   0  30   8   0   0   0   0   0   0   0   0
U_Lewey       21 geo 17  1  1  1 10 233 300 300 300   0   0    0   0   0   0   0   0   0   0   0   0   0   0
M_Anselmo     20 gre 17  1  1  1 33 800 300 300 300   0   0    0   0   0   0   0   0   0   0   0   0   0   0
A_Banuet      19 fra 16  1  1  1 15 671 300 300 300   0   0    0   0   0   0   0   0   0   0   0   0   0   0
D_Duit        16 ice 14  1  1  1 32 999 300 300 300   0   0    0   0   0   0   0   0   0   0   0   0   0   0
G_Diethorn    21 jap  1 19  6  2 10 300 539 805 616   8   0  753   0   0   0   8   6   1   0   0   2   0   0
P_Dillaman    20 kor  1 19  5  5 17 300 453 937 365   8   0  753   1   0   0  13   1   3   1   0   0   0   0
S_Bogner      21 spa  1 18  6  6 16 300 144 480 631   8   0  729   0   0   0   5   1   4   0   0   0   0   0
P_Cofell      21 egy  1 18  3  3 51 300 167 180 564   8   0  753   0   0   0  10   4   2   0   0   4   0   0
V_Cabuno      19 uru  1 18  5  7 50 300 363  10 157   0   0    0   0   0   0   0   0   0   0   0   0   0   0
C_Cottington  18 gre  1 16  5  3 23 300 845 314 344   1   1   24   0   0   0   0   0   0   0   0   0   0   0
A_Wellington  17 aus  1 15  8  9 11 300 643 879 501   0   0    0   0   0   0   0   0   0   0   0   0   0   0
N_Buenning    17 ice  1 15  6  4 44 300 934 642  87   0   0    0   0   0   0   0   0   0   0   0   0   0   0
S_Otra        17 ice  1 15  8  3 11 300 742 600 330   0   0    0   0   0   0   0   0   0   0   0   0   0   0
A_Juelson     16 ice  1 14 14  3 19 300 321 560 307   0   0    0   0   0   0   0   0   0   0   0   0   0   0
S_Slicht      21 ger  1  3 20  6 56 300 860 606 415   6   0  512   2   0   0   2  13   5   0   3   2   0   0
C_Meddick     20 nir  1  6 18  4  8 300 258 728 525   8   0  753   0   0   0   0  11   3   0   0   2   0   0
C_Angers      21 uru  1  5 17  3 34 300 696 461 391   8   0  753   0   0   0   0   9   6   1   1   0   0   0
L_Barbos      19 mex  1  7 17  5 25 300 931 724 112   8   0  753   0   0   0   0   8   5   1   0   2   0   0
Q_Horley      18 uru  1 10 16  7 31 300 368 795 325   2   1  149   0   0   0   0   3   0   0   1   0   0   0
B_Lancaster   18 aus  1  5 16  8 10 300 899 709  28   0   0    0   0   0   0   0   0   0   0   0   0   0   0
L_Bradstreet  18 spa  1  9 16  3 11 300 464 634 595   1   0   92   0   0   0   0   4   1   0   0   0   0   0
P_Halifax     18 aus  1  7 15  3 12 300 974 963 878   0   0    0   0   0   0   0   0   0   0   0   0   0   0
A_Barca       20 spa  1  7 10 18 41 300  31 857 789   8   0  753   2   0   0   4   7  24   5   0   2   0   0
I_Coverdill   19 hol  1  3 10 17 11 300 416 555 906   8   0  753   0   0   0   1   4  15   3   0   0   0   0
W_Kraynick    18 ice  1  6 10 16 22 300 635 852 561   0   0    0   0   0   0   0   0   0   0   0   0   0   0
Y_Doshier     18 kor  1  9  4 16 68 300 739 323 771   0   0    0   0   0   0   0   0   0   0   0   0   0   0
