A_Spain       24 eng 25  1  1  1 36 300 300 300 300   0   0    0   0   0   0   0   0   0   0   0   0   0   0
G_Hansen      28 den  1 27 24 19 26 300 300 300 300   0   0    0   0   0   0   0   0   0   0   0   0   0   0
B_Poplowski   25 pol  1 26 17 14 24 300 300 300 300   0   0    0   0   0   0   0   0   0   0   0   0   0   0
D_Kibler      23 usa  1 26 15  3 10 300 300 300 300   0   0    0   0   0   0   0   0   0   0   0   0   0   0
U_Garcia      21 spa  1 23 11  6 20 300 300 300 300   0   0    0   0   0   0   0   0   0   0   0   0   0   0
O_Avery       17 wal  1 17 13 12 21 300 300 300 300   0   0    0   0   0   0   0   0   0   0   0   0   0   0
L_Philipp     16 bel  1 16 12 10 30 300 300 300 300   0   0    0   0   0   0   0   0   0   0   0   0   0   0
G_Kaity       26 aut  1 15 27 17 32 300 300 300 300   0   0    0   0   0   0   0   0   0   0   0   0   0   0
A_Mcneill     22 sco  1 17 23 12 30 300 300 300 300   0   0    0   0   0   0   0   0   0   0   0   0   0   0
J_Figueiredo  19 arg  1 13 21 11 29 300 300 300 300   0   0    0   0   0   0   0   0   0   0   0   0   0   0
K_Faris       18 ita  1  6 19  8 36 300 300 300 300   0   0    0   0   0   0   0   0   0   0   0   0   0   0
T_Dauber      17 rom  1  6 18  5 12 300 300 300 300   0   0    0   0   0   0   0   0   0   0   0   0   0   0
G_Lynk        27 ire  1 12 19 27 26 300 300 300 300   0   0    0   0   0   0   0   0   0   0   0   0   0   0
N_Mosier      20 hol  1 10 12 22 33 300 300 300 300   0   0    0   0   0   0   0   0   0   0   0   0   0   0
N_Mccance     16 nir  1 14 15 16 28 300 300 300 300   0   0    0   0   0   0   0   0   0   0   0   0   0   0
