I_Brent       21 kor  1 14 18  4 33 300 574 758 580 # 500k
R_Gelman      27 aus  1 12 20 23 10 979 967 349 618 # 14m
A_Kallstrom   26 swe  1 16 24 16 27 810 101 934 242 # 23m
J_Stam        22 hol  1 19  8 11 50 300 519 290 335 # 250k
E_McDuffie    27 nir  2  6 17 24 17 300 931 358 455 # 12.5m
Marc_de_Man   29 bel  2 27 18  7 15 597 944 455 746 # 16m
C_Fee         28 eng  2 12 24 19 13 639  91 394 148 # 12m
B_Meinert     18 xxx 16  1  1  1  9 460 300 300 300 # 4m
R_Alvarez     18 uru  1 16  3  3 18 400 206 703 808 #4m
F_Tomori      21 swe  1 17  8  5 12 300 802 886 784 #500k
H_East        26 sco  1 14 24 11 25 590 550 578 538 # 18.75m
N_Sirkus      28 usa  2 19 25  8 16  33 763 652 691 #14.25m

