Name         Age Nat St Tk Ps Sh Ag KAb TAb PAb SAb Gam Sub  Min Mom Sav Con Ktk Kps Sht Gls Ass  DP Inj Sus
------------------------------------------------------------------------------------------------------------
A_Bodet       20 bel 17  1  1  1 27 172 300 300 300   1   0   95   0   2   2   0   0   0   0   0   0   0   0
O_Lieser      19 mex 16  1  1  1  9 995 300 300 300   0   0    0   0   0   0   0   0   0   0   0   0   0   0
P_Trewren     18 eng 16  1  1  1 28 143 300 300 300  10   0  950   0  45  22   0   0   0   0   0   2   0   0
J_Fernandez   16 uru 13  1  1  1  9 729 300 300 300   0   0    0   0   0   0   0   0   0   0   0   0   0   0
E_Ratinho     21 bra  1 18 11  8 22 300 460  19  67  11   0 1027   0   0   0  15   1   8   2   0   2   0   0
V_Crabtree    18 geo  1 17  5  4 58 300 149 142 871  11   0  940   0   0   0  10   6   3   0   1   4   0   0
P_Gade        18 den  1 16  5  7 14 300  29 543 837  11   0  958   0   0   0   5   5   7   0   0   4   0   0
V_Meshki      17 geo  1 14  3  4 19 300 881 502   4  11  11  210   0   0   0   1   2   0   0   0   0   0   0
P_Ferreira    17 bra  1 14  2  5 29 300 734 873 526   0   0    0   0   0   0   0   0   0   0   0   0   0   0
K_Takachio    16 jap  1 14  6  6  9 300 100 531 542  10   0  950   0   0   0  10   7   9   2   0   0   0   0
G_Neuwirth    21 rus  1  8 19  5 21 300 569 422 739  11   0 1045   1   0   0   4  25   5   0   2   2   0   0
E_Ritzinger   19 rus  1  5 19  9 51 300 672 518 348  10   0  803   0   0   0   2  12  12   0   0  10   0   0
T_Godley      19 kor  1  8 18  4 23 300   1 309 991   7   4  445   1   0   0   1   8   1   0   0   0   0   0
K_Pfost       21 rus  1  8 17  9 49 300 415 843 235   3   0  206   0   0   0   1   2   4   1   0   0   0   0
D_Brenvor     18 ger  1 16 17 11 10 435 230 707 656   5   0  415   0   0   0   4   7   6   1   1   0   0   0
G_Salla       19 uru  1 13 17  6 13 300  56 613 906  11   1 1029   0   0   0   8  23   3   1   2   2   0   0
W_Doyer       17 bel  1  9 16  9 47 300  61 325 935   4   1  301   0   0   0   1   7   1   0   0   2   0   0
W_Salzer      18 spa  1  6 15  5 28 300 443 797 674   0   0    0   0   0   0   0   0   0   0   0   0   0   0
H_Rigate      20 rsa  1  5  3 17 15 300 480 258 193   6   5  182   0   0   0   2   0   6   0   0   0   0   0
V_Dahler      19 aus  1  6  6 17  8 300  13 411  78  11   0  956   0   0   0   2   0  22   3   0   0   0   0
D_Arreghini   18 egy  1 10  8 16 36 300  30  15 932  10   0  873   1   0   0   2   4  24   4   0   4   0   0
P_Bresson     17 geo  1  4  5 15 20 300 169  67 846   5   5   64   0   0   0   0   1   2   0   1   0   0   0
