Name         Age Nat St Tk Ps Sh Ag KAb TAb PAb SAb Gam Sub  Min Mom Sav Con Ktk Kps Sht Gls Ass  DP Inj Sus
------------------------------------------------------------------------------------------------------------
P_Gyle        19 usa 19  1  1  1 17 688 678 678 678   0   0    0   0   0   0   0   0   0   0   0   0   0   0
P_Lunz        17 aus 18  1  1  1 48 551 426 426 426   7   0  664   0  27  15   0   0   0   0   0   0   0   0
Y_Sussmann    19 aut 16  1  1  1 28 859 552 552 552   0   0    0   0   0   0   0   0   0   0   0   0   0   0
U_Hushmire    21 sco  1 20  5 10  5 912 584 634 925   7   7  192   0   0   0   3   0   1   0   0   0   0   0
Le_Tex        20 fra  1 19  9  5 50 786 855 706 839   0   0    0   0   0   0   0   0   0   0   0   0   0   0
T_Burgess     21 usa  1 19  8 11 38 786 106  31   3   4   0  270   0   0   0   4   0   3   0   1   2   0   0
R_Humeston    18 eng  1 17  4  3 11 426 939 443 138   7   0  664   0   0   0  10   5   0   0   1   2   0   0
L_Worner      19 ger  1 17  9  7 61 426 918 576 220   7   0  664   0   0   0  14   4   3   0   0   2   0   0
V_Busuttil    19 uru  1 17  2  5 13 426 681 899 436   3   0  202   0   0   0   3   0   1   0   0   0   0   0
H_Gushlaw     18 uzb  1 17  4  9 10 426  11 833 548   7   0  664   0   0   0   9   0   2   0   0   0   0   0
N_Huyter      18 ned  1 16  5  7 51 552 856 682 634   0   0    0   0   0   0   0   0   0   0   0   0   0   0
Y_Dziomba     19 ken  1 16 10  4 12 552 756 755 550   0   0    0   0   0   0   0   0   0   0   0   0   0   0
X_Auren       18 bel  1 16 13  6  8 426 787 434 623   0   0    0   0   0   0   0   0   0   0   0   0   0   0
U_Lycan       17 arg  1 15  3  5 21 426 687 892 482   0   0    0   0   0   0   0   0   0   0   0   0   0   0
F_Ludden      20 eng  1 12 20 11  8 786 310 615  39   7   0  664   1   0   0   5  12   6   1   1   0   0   0
L_Bundren     21 can  1 10 20  5 15 876 889 819 275   7   3  349   0   0   0   0   8   2   1   0   0   0   0
K_Tusing      21 aus  1 12 20  4  7 912 384 312 951   4   4   68   0   0   0   1   1   0   0   0   0   0   0
Q_Huhlein     18 den  1  5 18  4 14 552 996  16 862   7   0  664   0   0   0   3  12   2   1   1   0   0   0
O_Culley      18 ire  1  6 17  5 48 552 607 607 564   7   0  664   0   0   0   2  14   5   0   1   2   0   0
F_Overly      18 aus  1  5 17  7 11 552 758  13 722   3   0  247   0   0   0   0   3   1   0   0   0   0   0
L_Pregler     18 usa  1  7 16  8 16 300 694 753  21   0   0    0   0   0   0   0   0   0   0   0   0   0   0
N_Youthed     17 nzl  1 11 14  3 65 300 279 456 566   0   0    0   0   0   0   0   0   0   0   0   0   0   0
D_Mulkey      21 sco  1  4  9 20 49 678 993 575 641   7   0  664   0   0   0   2   1  21   6   0   0   0   0
J_Wright      19 eng  1  4  8 19 12 906 582 301 695   7   0  649   0   0   0   2   1  30   2   0   0   0   0
X_Hujber      19 swi  1  7  5 18 62 586 758 641 215   6   1  424   0   0   0   1   3  13   0   0  12   0   0
T_Mulrooney   19 aus  1  4  6 17 46 426 375 501 914   1   0   73   0   0   0   0   0   0   0   0   0   0   0
S_Frydrych    18 swi  1  9  5 16 13 552 567  52 873   1   1   21   0   0   0   0   0   0   0   0   0   0   0
