Name         Age Nat St Tk Ps Sh Ag KAb TAb PAb SAb Gam Sub  Min Mom Sav Con Ktk Kps Sht Gls Ass  DP Inj Sus
------------------------------------------------------------------------------------------------------------
H_Tomic       20 cro 17  1  1  1 14 274 300 300 300   4   0  383   0  13   4   0   0   0   0   0   0   0   0
R_Knight      19 ire 16  1  1  1 40 581 300 300 300   0   0    0   0   0   0   0   0   0   0   0   0   0   0
R_Nohren      19 bel 15  1  1  1 13  70 300 300 300   0   0    0   0   0   0   0   0   0   0   0   0   0   0
P_Gurevich    20 rus  1 19 18  4 17 678 934 519 500   4   0  383   0   0   0   2   6   1   0   1   0   0   0
C_Dundas      20 sco  1 19 18  9 38 678  23 311 548   4   0  383   0   0   0   2   6   5   0   0   0   0   0
D_Bodker      21 cro  1 18  6  2 13 300 259 848 622   0   0    0   0   0   0   0   0   0   0   0   0   0   0
Y_Wickings    20 wal  1 18  6  3 55 300 829 555 153   0   0    0   0   0   0   0   0   0   0   0   0   0   0
L_Ditmeyer    20 ger  1 18  4  6  8 300 720 699 588   1   0   94   0   0   0   1   1   1   1   0   0   0   0
B_Ozbek       19 geo  1 18 15 10 35 300  85 608  44   4   0  383   1   0   0   4   7   5   0   1   0   0   0
B_Skremgeour  20 swe  1 17  9  3 23 300 406 371 327   0   0    0   0   0   0   0   0   0   0   0   0   0   0
C_Musonda     19 cam  1 17  6  5 72 300 590 720 405   0   0    0   0   0   0   0   0   0   0   0   0   0   0
X_Cullie      20 sco  1 17 16 14 19 552 669 871 964   4   0  383   0   0   0   3  11  10   3   3   0   0   0
F_Tomori      18 swe  1 15  7  4 12 300 927 923 793   0   0    0   0   0   0   0   0   0   0   0   0   0   0
G_Hallauer    20 den  1  6 19 15 10 300 781 274 184   4   0  383   0   0   0   0   5  12   1   0   0   0   0
R_Milosevic   21 cze  1  4 18 11 62 300 150 904 376   0   0    0   0   0   0   0   0   0   0   0   0   0   0
P_Melser      20 rsa  1 10 18  4 47 300 676 730 291   0   0    0   0   0   0   0   0   0   0   0   0   0   0
K_Kalinic     20 rus  1  8 18  6 14 300 888 888 781   3   0  289   0   0   0   1  10   2   0   1   2   0   0
M_Ali         19 egy  1  8 17  4 35 300 728 962 770   0   0    0   0   0   0   0   0   0   0   0   0   0   0
S_D'Amico     20 uru  1  7 17  6 48 300 702 323 824   0   0    0   0   0   0   0   0   0   0   0   0   0   0
O_Bravo       17 arg  1 14 17 12 14 300 247 225 886   4   0  383   0   0   0   4   7   8   1   1   0   0   0
M_Delac       18 cro  1  7 16 10 43 300 279 631 388   0   0    0   0   0   0   0   0   0   0   0   0   0   0
P_Montgaul    18 col  1  7 16  8 19 300 231 310 364   0   0    0   0   0   0   0   0   0   0   0   0   0   0
J_Quintero    18 uru  1  3 15 11 22 300 829 840 995   0   0    0   0   0   0   0   0   0   0   0   0   0   0
E_Lovric      16 cro  1  6 14 11 16 300 228 365 741   0   0    0   0   0   0   0   0   0   0   0   0   0   0
R_Balderrama  20 arg  1  7  5 18 40 300 566 909 690   0   0    0   0   0   0   0   0   0   0   0   0   0   0
J_Charles     21 wal  1 15 10 18 39 300 682 605 928   4   0  383   0   0   0   4   4   8   0   3   0   0   0
Kiki_Cortez   20 arg  1  5 14 18 13 596 892 318 229   4   0  383   1   0   0   1   5  20   5   0   0   0   0
M_Ringkamp    21 ger  1  4  3 17 52 300 443 326 610   0   0    0   0   0   0   0   0   0   0   0   0   0   0
J_Nainoa      19 nig  1 15  5 17 12 300 818 702 514   4   0  383   0   0   0   3   0  10   1   0   0   0   0
B_Morton      18 col  1  5  2 15 18 300 243 482 519   0   0    0   0   0   0   0   0   0   0   0   0   0   0
