Name         Age Nat St Tk Ps Sh Ag KAb TAb PAb SAb Gam Sub  Min Mom Sav Con Ktk Kps Sht Gls Ass  DP Inj Sus
------------------------------------------------------------------------------------------------------------
Pishnub       20 jap 19  1  1  1 45   2 300 300 300   7   0  610   0  14   7   0   0   0   0   0   0   0   0
Slimpgut      19 rus 17  1  1  1 29 899 300 300 300   3   1  244   0  12   4   0   0   0   0   0   0   0   0
N_Dorson      17 den 16  1  1  1 45 977 300 300 300   0   0    0   0   0   0   0   0   0   0   0   0   0   0
N_Ciszek      21 rus  1 18  5  6 21 300 980 510 998   9   0  795   0   0   0  15   3   3   0   0   0   0   0
E_McNesby     20 ire  1 17  6  6 18 300 896 169 878   9   0  843   0   0   0   6   3   7   1   0   0   0   0
A_Saussy      19 rsa  1 16  4  6 23 300 857 539 626   5   0  426   0   0   0   3   4   3   0   1   0   1   0
Y_Crader      18 bra  1 16  4  2 26 300 706 578 476   4   0  384   0   0   0   5   1   0   0   0   0   0   0
P_Saurbaugh   18 bel  1 16 11  9 10 300 420 714 659   9   0  854   1   0   0   5   5   5   1   1   2   0   0
M_Barbaro     18 uru  1 15  5  5 12 300 931 937 417   2   2   70   0   0   0   0   0   0   0   0   0   0   0
P_Brauer      16 cze  1 14  8  5 30 300 828 870 355   0   0    0   0   0   0   0   0   0   0   0   0   0   0
E_Bradsher    16 nzl  1 14  5  6 13 300 978 433 452   0   0    0   0   0   0   0   0   0   0   0   0   0   0
Son_of_Pog    20 kor  1  5 20  4 40 300 275 760 355   8   0  723   0   0   0   1  15   1   0   1  12   0   0
Minigit       19 swe  1  7 18  3 38 300 421 221 117   9   0  854   0   0   0   2  16   2   1   1   6   0   0
G_Trigona     18 spa  1  4 16  8 38 300  16 874 974   0   0    0   0   0   0   0   0   0   0   0   0   0   0
S_Hollinghead 18 jap  1 10 16 10 20 300 199 682  73   2   1  137   0   0   0   0   0   0   0   0   0   0   0
P_Armstard    18 uru  1 14 16 11  8 300  30 434 890   4   0  384   0   0   0   2   8   1   0   1   0   0   0
B_Armenta     17 arg  1  9 15 15 16 300 508 462 762   5   0  470   0   0   0   0   5   5   0   0   0   0   0
X_Grangeen    17 gre  1 13 14  2 21 300 984 646 964   0   0    0   0   0   0   0   0   0   0   0   0   0   0
Lemming_Jnr   21 nir  1 13 17 20 22 300 922 565 277   9   0  854   3   0   0   3  15  16   7   1   0   0   0
Pish          20 jap  1  4  8 18  8 300 544 369 163   9   0  854   0   0   0   0   4  26   3   0   0   0   0
M_Gadous      20 egy  1  7  9 17 13 300 631 480 220   0   0    0   0   0   0   0   0   0   0   0   0   0   0
W_Hallstead   19 nir  1  3  8 17 29 300 474 224 709   5   0  470   0   0   0   0   0  10   1   0   0   0   0
F_Millhouser  18 fra  1  5 12 16 30 300 824 929 912   4   0  384   0   0   0   0   3   4   0   0   0   0   0
