Name         Age Nat St Tk Ps Sh Ag KAb TAb PAb SAb Gam Sub  Min Mom Sav Con Ktk Kps Sht Gls Ass  DP Inj Sus
------------------------------------------------------------------------------------------------------------
F_Finn        21 usa 21  1  1  1  8  28 300 300 300   4   0  377   0  15   4   0   0   0   0   0   0   0   0
H_Bletchley   21 aus 17  1  1  1 22 879 300 300 300   0   0    0   0   0   0   0   0   0   0   0   0   0   0
J_Boca        19 mex 17  1  1  1 33 864 300 300 300   0   0    0   0   0   0   0   0   0   0   0   0   0   0
J_Gobble      21 rus  1 19  5  5 33 300 317  78 824   4   0  295   0   0   0   2   0   0   0   0   2   0   0
L_Tolan       19 sco  1 19  5  7 18 300 773 325 393   4   0  377   1   0   0   5   3   2   1   0   0   0   0
P_Herrera     20 mex  7 19 13  4 25 450 957 758 633   4   0  377   0   0   0   2   3   1   0   0   2   0   0
C_Puyol       19 spa  1 18  6  8 16 300  95 345  76   4   0  377   0   0   0   3   1   4   1   0   0   0   0
J_Pinna       21 uru  1 16  2  6 14 300 675 402 385   0   0    0   0   0   0   0   0   0   0   0   0   0   0
W_Foe         19 bra  1 16  4  2 10 390 623 159 845   0   0    0   0   0   0   0   0   0   0   0   0   0   0
M_Jura        19 cro  1 16 13  5 68 300 612 434 320   3   3   82   0   0   0   0   1   1   0   0   0   0   0
T_Kalas       18 cze  1 16  3  2 14 300 385 814 725   0   0    0   0   0   0   0   0   0   0   0   0   0   0
H_Felix       18 swe  1 15  9  7 12 300 802 481 365   0   0    0   0   0   0   0   0   0   0   0   0   0   0
H_Adamczyk    16 cze  1 15  3  9 38 300 397 720 813   0   0    0   0   0   0   0   0   0   0   0   0   0   0
F_Bolkiah     16 geo  1 14  4  8 15 300 426 445 908   0   0    0   0   0   0   0   0   0   0   0   0   0   0
T_Abraham     16 wal  1 13  4  7 20 300 395 216 264   0   0    0   0   0   0   0   0   0   0   0   0   0   0
Y_Dim_Sum     21 jap  1  3 19  6  8 300 933 251 238   4   0  377   0   0   0   0   4   3   1   0   0   0   0
W_Blovet      20 rsa  1  5 18  5 54 300   7 536 903   4   0  377   0   0   0   0   8   0   0   1   0   0   0
S_Pearson     20 nzl  1  4 18  4 54 300 217 411 427   4   0  255   0   0   0   0   5   0   0   0   0   0   0
B_Lewandowski 19 cze  1  4 17  2 21 300 738 694 838   1   1   31   0   0   0   0   0   0   0   0   0   0   0
J_Dasiwa      18 por  1 13 17  8 12 300 789 583 798   4   0  377   0   0   0   0   4   3   0   1   0   0   0
A_Correa      18 mex  1 10 17  8 18 300 104  53 420   4   4  123   0   0   0   0   1   1   0   0   0   0   0
K_Scott       18 sco  1  9 16  7 30 300 357 625 219   0   0    0   0   0   0   0   0   0   0   0   0   0   0
P_Fernandez   18 uru  1  4 15  8  8 300 239 447 622   0   0    0   0   0   0   0   0   0   0   0   0   0   0
A_Suljic      17 cro  1 11 15  8 24 300 289 947 509   0   0    0   0   0   0   0   0   0   0   0   0   0   0
J_Francisco   20 arg  1  7  6 19 47 300 510 601 200   4   0  377   0   0   0   0   1   6   1   1   0   0   0
Y_Rifkin      20 aus  1  2  7 18 29 300 730 349 544   4   0  231   1   0   0   0   0   8   3   0   0   0   0
R_Amezquita   21 mex  1  9  3 17 31 300 419 215 343   0   0    0   0   0   0   0   0   0   0   0   0   0   0
D_Solanke     17 fra  1  9  6 16 16 300 763 953 360   4   4  114   0   0   0   0   1   4   0   0   0   6   0
M_Muheim      17 ger  1  4  7 14 46 300 753 110 374   0   0    0   0   0   0   0   0   0   0   0   0   0   0
