Name         Age Nat St Tk Ps Sh Ag KAb TAb PAb SAb Gam Sub  Min Mom Sav Con Ktk Kps Sht Gls Ass  DP Inj Sus
------------------------------------------------------------------------------------------------------------
K_Trehearne   17 aus 16  1  1  1 18 578 300 300 300  13   0 1241   0  42  12   0   0   0   0   0   0   0   0
T_Nohel       17 jap 16  1  1  1 58 271 300 300 300   0   0    0   0   0   0   0   0   0   0   0   0   0   0
Q_Pioletti    19 arg  1 19  6  7 23 300 121 267 787  12   0 1073   0   0   0   7   1   3   1   0  10   4   0
J_Galford     19 aus  1 18  4  5 32 300 456 566 551  13   0 1241   0   0   0  11   3   6   0   0   4   0   0
Popescu       18 rsa  1 18 15  6 12 300 141 230 819  13   0 1241   2   0   0  18   8   5   1   1   0   0   0
D_Antoniou    19 bel  1 17  4  4 12 300 314 102   7   2   1  160   0   0   0   1   0   1   0   0   2   0   0
M_Trevett     19 fra  1  7 18 12 37 300 782 428 204  13   0 1180   0   0   0   5  11   7   1   0   8   0   0
J_Medearis    20 bra  1  4 17  2 12 300 705 641 956   0   0    0   0   0   0   0   0   0   0   0   0   0   0
O_Pippin      20 jap  1  3 17  4 28 300 394 484 187   0   0    0   0   0   0   0   0   0   0   0   0   0   0
Lars_R-Fish   18 rsa  1  6 17 14 10 300  56 911 181  13   0 1241   0   0   0   3  19   9   1   1   0   0   0
K_Breast      18 sco  1  6 17  3 42 300 805 677 485   1   1   61   0   0   0   0   1   0   0   1   0   0   0
Marc_Degryse  18 bel  1  7 17  8 30 300 783 518 630  13   0 1241   0   0   0   1  13   5   1   0   0   0   0
P_Milleson    18 ire  1  8 17  4  8 300 139 447 358   0   0    0   0   0   0   0   0   0   0   0   0   0   0
R_Possin      18 bel  1  5 16  3 14 300 781 829 677   0   0    0   0   0   0   0   0   0   0   0   0   0   0
R_Brilliant   16 bra  1  5 16  5 18 300 528 450 634  13   0 1241   2   0   0   3  24   6   0   2   2   0   0
A_Magennis    18 ire  1  9 16  9 17 300 548 102 756   0   0    0   0   0   0   0   0   0   0   0   0   0   0
O_Urack       17 kor  1  9 16  7 51 300 231  25 194   0   0    0   0   0   0   0   0   0   0   0   0   0   0
X_Intrieri    21 uru  1 14  3 19 29 300 484 831 541  12   0 1084   0   0   0   9   2  16   5   0  10   0   0
S_Orand       21 kor  1  3  3 18 45 300  81 196 364   2   1  118   1   0   0   0   0   7   1   0   0   0   0
J_Boner       21 ire  1  5  7 18 11 300 889 741 382  13   0  946   0   0   0   2   2  13   0   0   2   0   0
S_Pippio      20 uru  1  8  2 17  9 300 927 954 388  12  12  274   0   0   0   1   1   6   1   1   0   0   0
D_Petrescu    17 rsa  1 14 10 15 22 300 682 275 347  13   0 1241   2   0   0   8   7  15   2   0   2   0   0
K_Dorian      16 rsa  1  9  3 15 31 300 478 915 300   0   0    0   0   0   0   0   0   0   0   0   0   0   0
