Name         Age Nat St Tk Ps Sh Ag KAb TAb PAb SAb Gam Sub  Min Mom Sav Con Ktk Kps Sht Gls Ass  DP Inj Sus
------------------------------------------------------------------------------------------------------------
AJ_Camodo     29 cam 29  1  1  1 22 555 300 300 300  24   0 2189   0 104  30   0   0   0   0   0   0   0   0
T_Helms       24 ger 20  1  1  1  9 593 300 300 300   4   2  293   0   3   1   0   0   0   0   0   0   0   0
R_Figueiredo  28 por  4 26 17 15 31 300 278  87 690  25   0 2373   3   0   0  19  26  36   5   3  14   0   0
P_Litto       29 ita  8 25 17 15 12 300 858 212 860  26   0 2389   1   0   0  27  19  22   2   1   4   0   0
K_Prescott    31 usa  5 24 20 15 27 300  16 127 747  23   0 2186   2   0   0  17  24  27   3   4   6   0   0
M_Tensfeldt   27 ger  1 23 16 15 21 300 374 906 691  26   0 2401   1   0   0  29  19  23   3   5   0   0   0
G_C_Moore     25 wal  3 23 17 16 30 300 132 558  75  25   1 2331   2   0   0  27  22  23   4   2   6   0   0
B_Schweig     27 swe  1 20 11  8 11 300 395 666 582   0   0    0   0   0   0   0   0   0   0   0   0   0   0
M_Boxall      27 nzl  1 19 15  4 23 300 703 559 324   1   1   16   0   0   0   0   0   1   0   0   0   0   0
F_Leboeuf     27 fra  1 19 16  5 10 300 883  67 120   3   2  154   0   0   0   0   2   0   0   0   0   0   0
C_Yastrzemski 29 cze  1  8 25 16 40 480 367 520 669  22   0 2013   2   0   0   3  42  20   4   2  26   0   0
O_Aguilar     30 mex  1  6 24 19 22 390 465 210 736  25   0 2225   0   0   0   5  32  48   7   3   0   0   0
J_Latal       32 cze  8 14 23 13 28 300  76  28 551  25   0 1859   0   0   0   6  36  16   3   4  20   0   2
Tarildo       28 bra  1 16 21  4 53 300 305 141 177   9   1  675   0   0   0   3   9   1   0   1   2   0   0
D_Bledsoe     29 usa  1 17 20 15 29 300 626 843 566  24   1 1751   0   0   0  11  22  17   1   2  10   0   0
C_de_Vil      24 hol  2 17 20  5 30   3 721 279 352  24  21 1011   0   0   0   7   7   3   0   0   6   0   0
D_Tikhomirov  22 rus  1  3 19 15 56 300 562 154 120  11  11  274   0   0   0   0   3   2   0   0   2   0   0
Camelino      29 bra  2  9 22 26 47 857  91 400 679  25   0 2388   6   0   0   2  30  89  19   1  10   0   0
P_Deegan      26 ire  1 12  8 21  9 300  19 754 235   6   4  272   0   0   0   2   1   2   0   0   0   0   0
A_Boerkel     24 usa  1  8  9 21 13 750 443 413 387   9   7  295   0   0   0   1   1   6   2   0   0   0   0
D_Dillinger   23 nzl  1  5 13 18 38 300 905 320 996   1   1   21   0   0   0   0   1   1   0   0   0   0   0
