Name         Age Nat St Tk Ps Sh Ag KAb TAb PAb SAb Gam Sub  Min Mom Sav Con Ktk Kps Sht Gls Ass  DP Inj Sus
------------------------------------------------------------------------------------------------------------
S_Lambertini  19 pol 16  1  1  1 24 792 300 300 300   9   0  857   0  30  18   0   0   0   0   0   0   0   0
M_Hurgoi      18 rom 16  1  1  1 48  36 300 300 300   0   0    0   0   0   0   0   0   0   0   0   0   0   0
S_Hennigh     17 ecu 13  1  1  1 22 751 300 300 300   0   0    0   0   0   0   0   0   0   0   0   0   0   0
U_Kelsey      17 fra 13  1  1  1 40 751 300 300 300   0   0    0   0   0   0   0   0   0   0   0   0   0   0
L_Roman       21 rom  1 19  6 10 19 300 107 900  77   8   0  698   0   0   0   3   2   7   0   0   0   0   0
T_Gheorghiu   21 rom  1 18  5  7 23 300 833 645 120   5   3  302   0   0   0   2   1   1   0   0   0   0   0
S_Zamfir      20 rom  1 18  4  9 34 300 532 810  92   9   4  550   0   0   0   6   1   4   1   0   2   0   0
P_Solomovici  19 rom  1 18  9  5 22 300 302 996 108   9   1  677   0   0   0  10   1   1   0   0   0   0   0
E_Skutnik     19 rom  1 17 11  5 26 300 343 448 769   7   0  651   0   0   0   4   4   1   1   0   0   0   0
M_Dumitru     17 rom  1 15 13  2 40 300 210 177 898   7   0  618   0   0   0   5   4   1   0   1   0   0   0
D_Vanness     17 eng  1 13  6  6 43 300 751  26  26   0   0    0   0   0   0   0   0   0   0   0   0   0   0
S_Kazaku      18 rom  1 12 17 10 21 300 786 123   5   9   0  848   0   0   0   3   9   6   0   0   0   0   0
R_Munteanu    18 rom  1  5 17  8 33 300 473  83 907   8   0  717   0   0   0   0  11   1   1   3  12   0   0
C_Cornea      18 rom  1 11 15  5 31 300 293 761 460   8   0  741   1   0   0   0  15   0   0   2   0   0   0
A_Ciumak      17 rom  1  4 14  6 22 300 589 738 640   7   6  282   0   0   0   0   9   1   0   0   0   0   0
F_Pacuraru    21 rom  1  8 14 19 10 300 852 579 914   9   0  857   0   0   0   3   6  17   5   1   0   0   0
R_Amanar      21 rom  1 15 16 19 17 300 189  74 399   8   0  671   1   0   0   3   6   6   1   3   0   1   0
H_Ghita       21 rom  1  8 16 18 32 300 156 355 923   9   0  857   0   0   0   2   5   9   0   0   2   0   0
G_Groza       17 rom  1  5  6 14 16 300 956 440 741   2   1   96   0   0   0   0   0   5   2   0   0   0   0
