Name         Age Nat St Tk Ps Sh Ag KAb TAb PAb SAb Gam Sub  Min Mom Sav Con Ktk Kps Sht Gls Ass  DP Inj Sus
------------------------------------------------------------------------------------------------------------
C_Lenort      17 sco 18  1  1  1 11 231 300 300 350   5   0  474   0   8   2   0   0   0   0   0   0   0   0
D_Curtsinger  21 usa 17  1  1  1 25 279 942 942 992   0   0    0   0   0   0   0   0   0   0   0   0   0   0
H_Dunipace    19 ire 16  1  1  1 34 958 408 408 458   0   0    0   0   0   0   0   0   0   0   0   0   0   0
H_Cundliffe   19 eng  1 18 10  7 21 728 613 629 366   5   0  474   0   0   0   2   4   4   0   0   0   0   0
M_Burchgen    18 eng  1 18  4  8 15 608 592 571 614   4   0  349   0   0   0   2   1   9   0   1   0   5   0
A_Cunius      19 ire  1 17  4  7 53 608 134 472 104   5   0  474   0   0   0   2   1   3   0   0   2   0   0
C_Codreanu    20 rom  1 15  7  6 15 722 540 958 125   2   0  185   0   0   0   4   0   1   0   0   0   0   0
P_Dwyer       18 aus  1 15  5  9 40 500 487 863 823   1   1   25   0   0   0   0   0   0   0   0   0   0   0
K_Power       18 ire  1 15  6  6 12 500 494 812  81   1   1   33   0   0   0   1   0   0   0   0   0   0   0
M_Faulds      18 can  1 15  8  4 27 500 513 502 982   3   0  264   0   0   0   1   3   5   1   0   0   1   0
C_Emiliani    17 els  1 15  4  9 19 300 847 426 423   1   0   92   0   0   0   2   0   1   0   0   0   0   0
V_Goltz       17 els  1 14  9  6 16 300 631 232 423   0   0    0   0   0   0   0   0   0   0   0   0   0   0
H_Boliner     16 els  1 14  3  4 19 300 365 441 407   0   0    0   0   0   0   0   0   0   0   0   0   0   0
M_Mourbey     20 cro  1  7 18 10 14 860 128 979 230   5   0  474   1   0   0   0   7   4   1   1   2   0   0
P_Ozier       18 eng  1 13 18  7 15 608 235 928 665   5   0  406   0   0   0   2   7   1   0   2   4   0   0
G_Voslow      20 bel  1  4 16 12 59 728 892 526  39   5   0  474   0   0   0   1   8   5   2   0   0   0   0
Y_Rizer       18 els  1  6 16 15  8 300 254 917 314   5   0  474   2   0   0   0   8   5   1   3   0   0   0
A_Stealth     18 nzl  1  8 16  5 13 500 271 162 780   1   1   68   0   0   0   0   0   1   0   0   0   0   0
A_Cashmore    18 eng  1  3 15  7  8 500  31 484 505   0   0    0   0   0   0   0   0   0   0   0   0   0   0
I_Lutkers     20 can  1  3  5 20 10 608 780 968  45   5   0  474   0   0   0   1   1   7   2   0   0   0   0
M_Lumby       21 ire  1  5 11 18 17 728 479 641 738   1   0   98   0   0   0   0   0   2   0   0   0   0   0
V_Culton      20 nir  1  4  6 17 18 830 371 907 879   0   0    0   0   0   0   0   0   0   0   0   0   0   0
M_Surges      19 sco  1  4 11 16 10 608 376  79 599   0   0    0   0   0   0   0   0   0   0   0   0   0   0
O_McNelly     16 els  1  4 12 14 12 300 444 320 500   4   0  376   1   0   0   0   3   5   3   0   0   0   0
