Name         Age Nat St Tk Ps Sh Ag KAb TAb PAb SAb Gam Sub  Min Mom Sav Con Ktk Kps Sht Gls Ass  DP Inj Sus
------------------------------------------------------------------------------------------------------------
H_Muir        28 sco 27  1  1  1 11 267 300 390 300  20   0 1906   2 114  20   0   0   0   0   0   0   0   0
S_Jensen      26 den 22  1  1  1 17 321 300 300 300   0   0    0   0   0   0   0   0   0   0   0   0   0   0
M_Keup        24 gre 20  1  1  1  8  62 300 300 300   0   0    0   0   0   0   0   0   0   0   0   0   0   0
D_Tchameni    32 cam  2 28 15  4 22 300 973 726 417  20   0 1906   1   0   0  25  24  13   0   1   4   0   0
H_Ramzy       24 egy  4 25 19  6 16 300 279 839 550  20   0 1906   0   0   0  32  17   9   0   1   0   0   0
Y_Bennic      23 cro  4 24 18 10 15 300 336 264 882  20   0 1906   0   0   0  19  23  12   3   1   0   0   0
V_Vela        23 ita  7 24 15  3 22 300 200 941 699  19   0 1789   3   0   0  39  12   4   1   2  12   0   0
B_Meetze      30 hol  1 21 15  5 28 390 732 112 907   6   5  136   0   0   0   2   1   1   0   0   0   0   0
L_Senholt     23 rsa  1 20  3 13  9 300 104 646 635   0   0    0   0   0   0   0   0   0   0   0   0   0   0
M_Badelj      22 cro  1 20  3 15 10 300 242 546 478   1   1   32   0   0   0   3   0   0   0   0   0   0   0
O_Lythgoe     23 sco  1 19  6  4 32 840 417 779 105   0   0    0   0   0   0   0   0   0   0   0   0   0   0
T_Orbelianov  32 geo  1  4 27 16 19 300 765 215 178  20   0 1482   1   0   0   2  26  18   4   3   0   0   0
M_Zidlicky    33 cze  1  1 26  9 10 300 740  96 224  20  16  847   1   0   0   2  17   5   1   5   0   0   0
A_Mostovoi    23 rus  3 16 25 20 16 300 405 924 395  20   0 1906   2   0   0  14  32  44   4   5   2   0   0
W_McGown      26 usa  2 14 25 10 17 300 965 620 981  20   0 1808   0   0   0   5  42  25   3   2   4   0   0
D_Saravakos   22 gre  3 15 24 15 36 300 784 367 871  20   0 1906   0   0   0   6  25  25   2   1   0   0   0
A_Ladorlass   26 gre  1  2 21  8 13 300 865 124 338   0   0    0   0   0   0   0   0   0   0   0   0   0   0
M_Dejager     26 hol  2  6 19 12 15 197  96 258 355   0   0    0   0   0   0   0   0   0   0   0   0   0   0
I_Mountel     25 uru  1  8 17 11 55 300 590 638 576   1   0   97   1   0   0   1   3   5   0   0   0   0   0
N_Villalobo   26 uru  3  6 16 27 11 300 626 432   3  19   0 1615   0   0   0   1   8  68   8   0  12   0   0
Joao_Pinto    24 por  2  8 18 25 24 300   6 297 125  18   3 1270   1   0   0   4   8  38   9   1  12   0   0
R_Brod        34 JAP  1 12 14 24 25 300 981 585 319  10   9  336   0   0   0   0   1   7   1   0   0   0   0
M_Friscic     23 cro  1  3  3 18 22 300 731 120 370   0   0    0   0   0   0   0   0   0   0   0   0   0   0
