Name         Age Nat St Tk Ps Sh Ag KAb TAb PAb SAb Gam Sub  Min Mom Sav Con Ktk Kps Sht Gls Ass  DP Inj Sus
------------------------------------------------------------------------------------------------------------
Tarquin       24 usa 26  1  1  1 18 323 390 390 390   3   0  281   0  23   3   0   0   0   0   0   0   0   0
N_Rudduck     28 eng 21  1  1  1 56 460 375 375 645   0   0    0   0   0   0   0   0   0   0   0   0   0   0
N_Keily       24 nir 17  1  1  1  9 857 490 490 390   0   0    0   0   0   0   0   0   0   0   0   0   0   0
L_Wevers      22 bel 16  1  1  1 43 764 300 300 300   0   0    0   0   0   0   0   0   0   0   0   0   0   0
H_Lerner      30 wal  6 26 15  8 23 480 972 442 292   3   0  281   0   0   0   4   3   2   0   0   2   0   0
V_Hemingsley  32 IRE  1 26 19 14 34 730 486 930 310   3   0  281   0   0   0   5   0   1   0   0   4   0   0
A_Loshbough   27 sco  5 25  5  3 20 450 201 494 496   3   0  281   1   0   0   6   2   0   0   0   0   0   0
D_Blumetti    21 ita  1 22  6  6 25 300  43 624 854   3   0  281   0   0   0   5   2   2   0   0   4   0   0
J_Backus      26 cam  1 21 17 15 62 300 833 247 755   0   0    0   0   0   0   0   0   0   0   0   0   0   0
G_Southgate   25 eng  1 20  2  2 10 300 583 859 891   0   0    0   0   0   0   0   0   0   0   0   0   0   0
J_Navarro     24 spa  1 19  3 10 25 390 656 815 679   0   0    0   0   0   0   0   0   0   0   0   0   0   0
H_Goggi       22 ita  1 19  2  2 49 300 414 939 657   0   0    0   0   0   0   0   0   0   0   0   0   0   0
W_Silva       22 spa  1 17  3  5 23 300 975  38 711   0   0    0   0   0   0   0   0   0   0   0   0   0   0
G_Philo       22 bel  1 17  3  3 11 300 901 361 612   0   0    0   0   0   0   0   0   0   0   0   0   0   0
X_Cleeton     22 nzl  1 14  2  4 10 300 371 386 267   0   0    0   0   0   0   0   0   0   0   0   0   0   0
L_Sabatini    26 uru  1 11 24 11 37 480 837 357 862   3   0  281   0   0   0   0  13   1   0   1   0   0   0
F_Koo         25 kor  8 15 23 15 20 300 201 476 907   3   0  281   0   0   0   0   4   4   0   1   0   0   0
U_Ogozalek    24 rus  2 12 23 12 26 300 962 411 808   3   0  281   1   0   0   3   5   2   0   0   0   0   0
E_Bishop      25 eng  1  2 22 15 28 300 725 820 539   2   0  164   0   0   0   0   0   1   1   0  10   0   0
A_Lombardo    25 ita  1  2 21  6 26 300 729 770 238   1   0   93   0   0   0   0   7   1   0   1   0   0   0
L_Karnis      26 gre  3  8 21  2 16 300  91 311 776   0   0    0   0   0   0   0   0   0   0   0   0   0   0
H_De_Munis    21 hol  1  8 19  3 28 300 229 830 647   0   0    0   0   0   0   0   0   0   0   0   0   0   0
D_Surfroney   27 gre  1  6 19  6 64 390 722 414 961   0   0    0   0   0   0   0   0   0   0   0   0   0   0
Ollie_Jones   24 eng  1  5 19  4 44 390 324 537 368   0   0    0   0   0   0   0   0   0   0   0   0   0   0
G_Dennil      22 eng  1  6 19  8 40 300 745 154 765   0   0    0   0   0   0   0   0   0   0   0   0   0   0
Romario       29 bra  2 17  6 27 10 485 588 332 776   3   0  281   0   0   0   0   0  14   3   0   0   0   0
P_Hooey       26 swe  3  4  6 23 17 450 525 696 711   2   0  189   0   0   0   0   0   3   0   0   0   0   0
U_Beck        25 fra  2  2 10 22 25 300 578 980 624   1   0   92   0   0   0   0   0   0   0   0   0   0   0
G_Boemelin    20 nig  1  9  5 20 35 300 919 220 817   0   0    0   0   0   0   0   0   0   0   0   0   0   0
R_Curtis      23 eng  1  5  5 19 11 390 429 503 665   0   0    0   0   0   0   0   0   0   0   0   0   0   0
