Name         Age Nat St Tk Ps Sh Ag KAb TAb PAb SAb Gam Sub  Min Mom Sav Con Ktk Kps Sht Gls Ass  DP Inj Sus
------------------------------------------------------------------------------------------------------------
O_Hunt        17 ice 19  1  1  1  9 410 444 444 444  13   0 1238   0  43  10   0   0   0   0   0   0   0   0
M_Lukaicaite  20 bel 18  1  1  1 40 239 884 884 884   0   0    0   0   0   0   0   0   0   0   0   0   0   0
P_Fulfit      19 bel 18  1  1  1 61 133 740 740 740   0   0    0   0   0   0   0   0   0   0   0   0   0   0
J_Prosser     16 fin 15  1  1  1 23  71 300 300 300   0   0    0   0   0   0   0   0   0   0   0   0   0   0
Big_Yan       19 sco  1 20  9  9 25 652  68 292 295  10   0  863   0   0   0  12   3   9   1   0   4   0   0
Q_Wybrow      20 usa  1 19  7  6 38 740 637 791 554  10   0  926   1   0   0  10   3   9   1   0   0   0   0
E_Hughston    19 ire  1 19  8 12 21 604  81  65 947  13   1 1169   2   0   0  16  10   6   1   1   0   0   0
G_Obilale     18 bot  1 17 13  6 12 604 899 654 824  11   0 1048   1   0   0  12   4   4   0   1   0   0   0
K_Gussman     17 ice  1 16  3  7  8 444 434 229 328   1   1   87   0   0   0   2   0   1   0   0   0   0   0
P_Strouhal    17 fin  1 16 15  7 13 300 530 802 619  12   0 1143   0   0   0   9  13   3   0   0   2   0   0
P_Eyermann    17 ice  1 15  2  5 25 444 533 237 667   0   0    0   0   0   0   0   0   0   0   0   0   0   0
M_Studstill   16 fin  1 14  6  3 59 300 979 522 693   0   0    0   0   0   0   0   0   0   0   0   0   0   0
C_Gurton      17 ice  1 14  6  5  8 444 969 868 310   0   0    0   0   0   0   0   0   0   0   0   0   0   0
G_Gumprecht   19 ger  1  6 18  4 18 740 917 695 573   8   0  761   0   0   0   1  15   2   0   1   0   0   0
O_Cuyler      19 aut  1  8 17  2 18 604 105 801 891   3   0  284   0   0   0   1   6   0   0   0   0   0   0
P_Swatzell    17 ice  1  4 17  9 34 444 444 760 169  13   0 1238   0   0   0   0  18  11   2   1   2   0   0
F_Listee      17 ice  1 10 17 11 17 444 659 818 964  13   0 1238   0   0   0   6  22  10   0   5   0   0   0
U_Kuwasaki    18 chi  1  7 16  2  9 604 242 472 959   0   0    0   0   0   0   0   0   0   0   0   0   0   0
J_Brozo       16 fin  1 14 15  7 20 300 732 347 599   7   0  670   2   0   0   8  17   3   0   2   0   0   0
F_Van_Engen   17 fin  1 10 15  8 12 300 949 907 874   0   0    0   0   0   0   0   0   0   0   0   0   0   0
Y_Czepczor    17 ice  1  3 14  7  8 444 548 921 810   0   0    0   0   0   0   0   0   0   0   0   0   0   0
R_Gumbrell    19 ice  1  8  4 19 13 444 738 153 456  12   0 1101   1   0   0   3   1  22   6   0   0   4   0
E_Buranen     20 eng  1  3  7 17 56 740 909 444 412   1   1   43   0   0   0   0   1   0   0   0   0   0   0
V_Hutchison   18 eng  1  3  6 17 17 604 791 821 440  11   0 1048   0   0   0   1   1  21   4   0   0   0   0
K_Nuicco      17 ice  1 13  4 15 19 444 919 330 605   0   0    0   0   0   0   0   0   0   0   0   0   0   0
