Name         Age Nat St Tk Ps Sh Ag KAb TAb PAb SAb Gam Sub  Min Mom Sav Con Ktk Kps Sht Gls Ass  DP Inj Sus
------------------------------------------------------------------------------------------------------------
G_Garlic      32 fra 24  1  1  1 13 517 300 300 300   6   0  565   1  23   8   0   0   0   0   0   0   0   0
T_Levengood   22 nig 18  1  1  1 47 935 300 300 300   0   0    0   0   0   0   0   0   0   0   0   0   0   0
V_Kuring      25 egy 17  1  1  1 12 706 300 300 480   0   0    0   0   0   0   0   0   0   0   0   0   0   0
B_Squeak      28 ire  1 23 16 11 25 300 254 332 777   6   0  565   0   0   0   7   7   3   0   0   0   0   0
A_Butlin      28 cam  1 22  6  2 13 300  47 481 757   6   0  477   0   0   0   4   2   1   0   0   0   0   0
E_Lile        32 hol  2 21  5  5 17 296 864 994 749   4   0  278   0   0   0   6   1   1   0   0   0   2   0
D_Sangare     25 fra  1 20  3  4 52 390 586 733 292   2   2   57   0   0   0   2   0   0   0   0   0   0   0
E_Custard     27 por  1 20  3  2 32 300 101 850 743   0   0    0   0   0   0   0   0   0   0   0   0   0   0
C_Taco        22 mex  1 20 10  4 52 300 387 713 730   6   4  318   0   0   0   5   4   1   0   0   0   0   0
B_Sprout      22 bel  1 20 12  7 33 300 363 449 779   6   0  565   0   0   0   7   1   1   0   0   2   0   0
Y_Mustard     23 sco  1 19 11  2 45 300 346 888 587   0   0    0   0   0   0   0   0   0   0   0   0   0   0
R_Crumble     32 aus  1  2 22  2 18 300 553 103 563   5   1  375   0   0   0   0   4   0   0   0  10   0   0
Y_Pudding     27 cze  1 15 22 14 18 300 330 171 833   6   0  565   1   0   0   5   9   3   1   0   2   0   0
T_Curry       30 bra  1  4 21  8 18 300 609 613 215   6   4  272   0   0   0   1   3   2   0   0   0   5   0
P_Piri        24 por  1  5 20  5 33 300 523 650 296   6   0  565   0   0   0   1   7   1   0   1   0   0   0
O_Kicyla      24 jap  1 11 19  3 33 300 470 994 874   6   0  397   0   0   0   3   6   0   0   0   0   0   0
A_Allpaugh    23 cam  1  6 19  9 12 300 135  10 419   0   0    0   0   0   0   0   0   0   0   0   0   0   0
V_Sponge      22 eng  1  4 19  7 11 300 183  97 370   1   1   21   0   0   0   0   0   0   0   0   0   0   0
A_Strejkende  29 den  1  5  5 21 36 300 515 227 439   6   0  565   0   0   0   0   1   8   1   0   0   0   0
C_Brownie     25 usa  1  9  7 19 15 300 362  58 843   6   0  312   0   0   0   1   1   5   2   0   0   0   0
U_Abubakar    28 cam  1  4 10 19 34 840 193 368 775   5   5  210   0   0   0   0   0   6   0   0   0   0   0
C_Tagine      25 egy  1  7  2 18 69 300 368 791 660   1   1   43   0   0   0   0   0   1   0   0   0   0   0
