Name         Age Nat St Tk Ps Sh Ag KAb TAb PAb SAb Gam Sub  Min Mom Sav Con Ktk Kps Sht Gls Ass  DP Inj Sus
------------------------------------------------------------------------------------------------------------
C_McRitchie   21 jap 19  1  1  1 18  49 840 840 480   3   0  284   0  11   5   0   0   0   0   0   0   0   0
M_Cornog      19 hol 17  1  1  1 52 414 300 300 300   0   0    0   0   0   0   0   0   0   0   0   0   0   0
R_Bold        19 nzl 16  1  1  1 49 398 570 570 390   0   0    0   0   0   0   0   0   0   0   0   0   0   0
P_Kindl       21 spa  1 19  8  6 36 570 204 888 399   3   0  284   0   0   0   3   1   1   0   0   0   0   0
O_Kraemmer    19 gre  1 18 12  5 11 300 476 104 762   3   0  277   0   0   0   1   3   3   0   0   0   6   0
H_Dindane     19 kor  1 18  7  3 22 390 102 225 121   3   0  284   1   0   0   2   3   1   0   0   0   0   0
R_Dankmyer    18 hol  1 17  8  7 11 390 677 943 475   3   0  233   0   0   0   2   0   4   0   0   0   0   0
V_Barbieri    18 fra  1 17 15 15  8 390 156 757 606   2   1  108   0   0   0   0   3   2   0   0   0   0   0
W_Granger     18 ger  1 16 10  3 17 300 691 749 723   1   1   36   0   0   0   0   0   0   0   0   0   0   0
V_Boehling    20 ger  1 10 20  3 30 480 524 770 410   3   0  284   0   0   0   0   3   1   0   1   2   0   0
G_Bithell     21 uru  1  6 19  5  9 570 251 969 135   3   0  236   0   0   0   0   3   2   0   0   0   0   0
P_Nicolls     20 nir  1  3 19  7 17 390 954  59 937   3   1  239   0   0   0   0   4   0   0   0   0   0   0
E_DiFilippo   21 bra  1 11 18  4  9 480 346 970 923   2   0  140   0   0   0   1   2   1   0   0   0   0   0
Q_Piombino    20 kor  1  3 18  6 29 480 705 327 866   1   1   51   0   0   0   0   1   1   0   0   0   0   0
O_Kahl        19 bel  1  8 18  9 30 390 604 175 423   0   0    0   0   0   0   0   0   0   0   0   0   0   0
S_Dilsaver    20 por  1  3 17  3 58 480 976 809 662   0   0    0   0   0   0   0   0   0   0   0   0   0   0
L_Bonge       19 kor  1  3 16  4 43 390 616 858 856   0   0    0   0   0   0   0   0   0   0   0   0   0   0
U_Caligan     18 kor  1  5 15  8 10 390 719 617 527   0   0    0   0   0   0   0   0   0   0   0   0   0   0
W_Pote        18 jap  1  2 15 10 34 300 759 278  40   0   0    0   0   0   0   0   0   0   0   0   0   0   0
P_Bravo       17 eng  1  8 15 10 46 300 194 726 310   0   0    0   0   0   0   0   0   0   0   0   0   0   0
A_Briden      16 eng  1 10 14  7 20 300 198 284 440   0   0    0   0   0   0   0   0   0   0   0   0   0   0
T_Wineland    16 eng  1 10 14  5 53 300 241 329 874   0   0    0   0   0   0   0   0   0   0   0   0   0   0
D_Galofre     19 jap  1  8  9 19 57 390 353 863 555   3   0  191   0   0   0   1   0   3   0   0   2   4   0
S_Poltanis    18 uru  1  8  5 17 30 300  83 844  88   3   0  284   0   0   0   0   0   6   1   0   0   0   0
F_Gmerek      19 jap  1  3 11 16 56 390 447 981 436   2   1  186   0   0   0   0   1   5   0   0   0   0   0
O_Winzenz     17 ger  1  5 10 14 11 300 227 262 357   0   0    0   0   0   0   0   0   0   0   0   0   0   0
F_Britzius    16 ger  1  4  3 14  9 300 502 621 614   0   0    0   0   0   0   0   0   0   0   0   0   0   0
