Name         Age Nat St Tk Ps Sh Ag KAb TAb PAb SAb Gam Sub  Min Mom Sav Con Ktk Kps Sht Gls Ass  DP Inj Sus
------------------------------------------------------------------------------------------------------------
T_Theoharris  27 aus 25  2  2  2 27  71 363 398 363  14   0 1333   0  47  13   0   0   0   0   0   2   0   0
R_Wayne       30 eng 18  2  2  2 20 673 775 784 775   0   0    0   0   0   0   0   0   0   0   0   0   0   0
Phluid        31 bel  1 26  2  1  7 840 547  34 855  13   0 1063   1   0   0   8   0   2   1   0   0   0   0
M_Seder       27 nir  2 24 19  9 11 255 215 955 443  14   0 1333   2   0   0  16  19  16   3   1   0   0   0
D_Kemmerer    25 usa  2 23 20 15 14  16 453 541 998  14   0 1333   3   0   0  23  18  17   2   3   0   0   0
Atreyoo       26 arg  1 22 19  3 20 750 515 557  84  11   0  873   0   0   0   2  18   2   1   3   2   0   0
L_Ryan        28 eng  2 22 22 20 13 597 440  27 409  11   1  954   2   0   0   8  12  25   5   0   0   0   0
Avinho        26 bra  2 21 19  6 21  75 457 501 765   9   5  613   0   0   0   6   7   5   0   0   0   0   0
T_Hawley      29 nir  2 21 21  4  8 489 184 688 377  11   4  698   0   0   0   7  14   0   0   4   0   0   0
W_Keifer      26 hol  2 18 17  7 10 255  12 493 822   0   0    0   0   0   0   0   0   0   0   0   0   0   0
C_Seekell     30 saf  2 13 26  4 52 945 517  25 476  12   0  984   0   0   0   2  28   5   0   6   0   0   0
K_Raikkonen   31 fin  1 17 24  7 12 988 870 579 699  14   1 1255   0   0   0   3  25  10   2   3   0   0   0
P_Buswell     25 aus  1  8 22  1 10 857  76 814 580  10   0  759   0   0   0   2   7   1   0   1   0   0   0
T_Zvacek      22 pol  1 11 21  7 32 724 992 869 373  13   8  646   0   0   0   1  15   8   1   1   2   0   0
L_Schoppe     25 ger  2  6 20 13 23 273 279 394  20   0   0    0   0   0   0   0   0   0   0   0   0   0   0
C_Ruvo        23 col  1  7 20 19 38 732 900 572 810   4   4  153   0   0   0   1   2   0   0   0   0   0   0
B_Zyma        22 hol  1  8 20  5 45 606 790 414 117   1   1    4   0   0   0   0   2   0   0   0   0   0   0
G_Beening     27 nir  2  5 17 17 27 255 676 714 638   0   0    0   0   0   0   0   0   0   0   0   0   0   0
Papa_Lazarou  27 eng  2  4 20 24 44 279 259 171 646  11   0 1046   1   0   0   1  10  45   5   1  14   0   0
J_Denis       20 jam  1  3 12 24 11 300 975 104 204  14   0 1259   2   0   0   0   3  51  12   1   4   0   0
R_Gelman      25 aus  1 12 19 22 10 979 777 759 462   7   5  357   0   0   0   2   1  17   1   0   0   0   0
