Name         Age Nat St Tk Ps Sh Ag KAb TAb PAb SAb Gam Sub  Min Mom Sav Con Ktk Kps Sht Gls Ass  DP Inj Sus
------------------------------------------------------------------------------------------------------------
J_Hudelson    17 jam 15  1  1  1 12 547 300 300 300  12   0 1145   0  55  26   0   0   0   0   0   2   0   0
R_Provians    21 sco  1 21 20  6 55 624 551 219 498  12   0 1097   1   0   0  16  16   3   0   4   2   0   0
O_Duschl      19 fra  1 19  4 13 12 504 643 719 304  12   0 1145   1   0   0  10   6  15   2   3   0   0   0
F_Lutrick     19 ger  1 19  5 11  8 606 713 512 952  12   0 1077   2   0   0  21   4  15   4   0   0   0   0
L_Aurada      19 slo  1 18 10  3 26 390 381 918 801  12   5  791   1   0   0   9   7   2   0   0   0   0   0
U_Kurze       20 den  1 17 11  3 21 504 133 903 489   2   2   45   0   0   0   0   2   0   0   0   0   0   0
N_Tumulty     20 ire  1 17  7  2 18 606 113 380 969   0   0    0   0   0   0   0   0   0   0   0   0   0   0
S_Burtcher    18 slo  1 17  3  7 42 390 780 598 600   5   0  319   0   0   0   4   0   1   1   0   0   0   0
T_Myrman      19 slo  1 16  4  5  8 390 922 425 528   0   0    0   0   0   0   0   0   0   0   0   0   0   0
X_Szura       19 slo  1 16  5 13 41 390 942 179 981   0   0    0   0   0   0   0   0   0   0   0   0   0   0
C_Wohlleben   17 jam  1 14  8  8 25 300 856 542 538   0   0    0   0   0   0   0   0   0   0   0   0   0   0
Sniper        20 slo  1 11 21 19 45 390 173 313 183  10   0  901   1   0   0   6  18  16   4   2   4   1   0
T_Zvacek      21 pol  1 11 21  7 32 724 899 447 216  12   0 1145   0   0   0   4  20   8   0   3   0   0   0
B_Zyma        21 hol  1  8 20  5 45 606 798 272  93  10   0  928   1   0   0   2  18   3   1   4   0   0   0
T_Wretham     19 ire  1  7 18  5 41 606 126 203 747  10   3  738   0   0   0   1  12   1   0   0   0   0   0
D_Szegedin    18 ukr  1  5 17  3 39 504 895  88 910   1   0   94   0   0   0   0   1   0   0   0   0   0   0
B_Aveyard     20 rus  1  4 16  7 24 504 300 977 339   3   2  174   0   0   0   0   5   2   0   0   0   0   0
K_Rushia      18 ukr  1 12 16  6 12 504  16 917 952   0   0    0   0   0   0   0   0   0   0   0   0   0   0
T_Props       18 jam  1  5 16 12 28 300 442 723 552   0   0    0   0   0   0   0   0   0   0   0   0   0   0
C_Stoddart    18 jam  1  4 16 14 41 300 379 718  63   2   2   36   0   0   0   0   0   1   0   0   0   0   0
X_Mulroney    18 slo  1  4 16  4 43 390 580  32  70   0   0    0   0   0   0   0   0   0   0   0   0   0   0
X_Howke       17 jam  1  9 15  7 18 300 551 921 902   0   0    0   0   0   0   0   0   0   0   0   0   0   0
J_Denis       19 jam  1  3  9 22 11 300 664 688 230  12   0 1145   0   0   0   1   4  29   7   0   0   0   0
R_Kuyt        20 hol  1  7  3 19 18 504 672 414 385  12   0 1013   0   0   0   4   3  34   4   0   4   0   0
E_Byrns       18 slo  1  4 15 18  9 390 416 740 296   7   0  670   0   0   0   1   6  16   3   2   0   0   0
B_Dumsday     17 slo  1  4  5 17 18 390 272 880  12   7   7  132   0   0   0   1   2   6   0   1   0   0   0
P_Guevara     20 spa  1  8  3 16 25 504 385 483 386   0   0    0   0   0   0   0   0   0   0   0   0   0   0
U_Evarts      20 jam  1  8  6 16 34 750 649 149 516   0   0    0   0   0   0   0   0   0   0   0   0   0   0
