Name         Age Nat St Tk Ps Sh Ag KAb TAb PAb SAb Gam Sub  Min Mom Sav Con Ktk Kps Sht Gls Ass  DP Inj Sus
------------------------------------------------------------------------------------------------------------
F_Marchetti   34 ita 26  1  1  1 27 105   1   1   1   2   0  185   0  16   4   0   0   0   0   0   0   0   0
M_Miskiewicz  29 pol 26  1  1  1 22 295   1   1   1   5   0  478   0  24   5   0   0   0   0   0   0   0   0
A_Lynch       22 wal 20  1  1  1 24  47   1   1   1   0   0    0   0   0   0   0   0   0   0   0   0   0   0
R_Fernandez   27 par 18  1  1  1 22 545   1   1   1   0   0    0   0   0   0   0   0   0   0   0   0   0   0
P_Mertesacker 35 ger  1 23 12  8 29   1 564 243 482   7   0  663   0   0   0   8   8   5   0   0   2   0   0
G_Bianco      29 ita  1 22 14 10 24   1 509 770 980   7   0  663   0   0   0  10   6   5   0   0   0   0   0
C_Martinez    32 esp  1 21 12  4 31   1  62 384 640   6   0  418   1   0   0   6   6   4   0   0   0   0   0
M_Reynolds    31 sco  1 20 11  7 24   1 908 839 988   3   1  168   0   0   0   2   1   2   0   0   0   0   0
M_Bauer       26 aut  1 20 11  5 33   1 954 472 589   6   6  225   0   0   0   3   1   3   0   0   2   0   0
G_Junior      24 bra  1 19 16  3 24   1 754  40 643   5   0  447   0   0   0   4  10   1   0   0   2   0   0
F_Lopes       30 bra  1 16  9  7 26   1 773 468 505   0   0    0   0   0   0   0   0   0   0   0   0   0   0
A_Innocenti   23 ita  1 10 24 15 24   1 409 338 466   7   0  663   0   0   0   2  13   7   0   1   0   0   0
Taison        27 bra  1 10 22 15 28   1 187 229  25   7   4  412   0   0   0   0  10   4   1   0   0   0   0
E_Elia        32 ned  1  4 22 20 25   1 697 795 723   7   0  566   0   0   0   0  11  13   0   1   2   0   0
C_Sanchez     31 col  1 14 22  8 24   1 633 469 493   7   0  627   1   0   0   2   9   6   0   1   4   0   0
C_Hourihane   26 ire  1  8 21 14 29   1 488 105 336   6   1  421   0   0   0   1   7   5   0   0   4   0   0
T_Walcott     30 ENG  1  4 16 25 21   1 149 685 276   7   0  622   2   0   0   1   4  26   3   0   0   0   0
G_Carrillo    26 arg  1  5 20 23 22   1 388 304 503   7   0  663   0   0   0   2   8  26   0   0   4   0   0
S_Doumbia     32 civ  1  4 13 21 31   1 397 652 877   5   5   72   0   0   0   0   2   3   0   0   0   0   0
J_King        25 nor  1  2  9 17 25   1 459  73  99   0   0    0   0   0   0   0   0   0   0   0   0   0   0
J_Blanco      25 col  1  5  7 16 23   1 400 500 739   0   0    0   0   0   0   0   0   0   0   0   0   0   0
