Name             Age Nat St Tk Ps Sh Ag  KAb  TAb  PAb  SAb  DP Inj Sus    Wage
-------------------------------------------------------------------------------
G_Stopper         30 mex 26  2  2  2 37  284  382  382  382   0   0   0 120,000
P_Eustice         21 eng 22  1  1  1 26  489  762  762  762   0   0   0  19,000
R_Prussak         23 cze 21  1  1  1 14  246  855  855  855   0   0   0   8,800
B_Sefton          25 sco 21  2  2  2 14  171  141  141  141   0   0   0   8,800
L_Aldai           24 isr  1 23  8 20 21  846  858  296  173   2   0   0  57,208
K_Hartell         26 eng  2 23 11 19 37  259  504  143  830   8   0   0  60,573
L_Tenant          24 aus  2 21 17  6 19  213  548  459  754   0   0   0  15,337
M_Petri           21 rou  1 20 12 18  7  618  234  821   56   0   0   0   8,856
N_Culling         22 wal  1 20 15 12 16  817  640  387  772   2   0   0   8,893
C_Begbie          28 sco  2 19 25  7 14  139   85  838  951   2   0   0 148,596
Babybinho         25 bra  2  5 24 20 10  279  605 1011  997   0   0   0 100,895
S_Gehring         30 ger  2 21 24 11 26  234  658  434  954   0   0   0 108,749
Campbundo         24 bra  1 17 23 14  8  936  513  792  273   0   0   0  65,425
L_Suvillaga       22 per  1 12 22 21 31  635  217  967  771   4   0   0  37,481
Kiko_Pogona       23 aus  1  9 21 20 22  954    2  990  464   2   0   0  16,907
M_Le_Tissier      28 eng  1 12 20 14  7  300  622  548  974   0   0   0   8,685
K_Peacham         30 ire  2 17 20  8 60  621  847  365  507  12   0   0   8,918
C_Massanet        25 den  2  5 19 19 20  125  256  661  968   0   0   0   6,045
P_Muresanu        21 rou  1  8 18 17 28  618   74  845  950   0   0   0   4,012
J_Byrn            21 sco  1 12 18  7 25  718  687  783   41   0   0   0   3,470
Q_Gehrken         28 isr  2 15  8 23 47  675  688  967  745   2   0   0  54,078
P_Rynne           23 usa  1 17  8 22  9  534  890  770  797   0   0   0  29,665
M_DeFree          24 fra  1 19  9 22 46  822  470  275  541  12   0   0  31,090
Hugo_Snatch       22 spa  1 18 10 20 17  774  688  779  155   0   0   0   8,440
M_Burtnett        21 can  1  8 11 19 19  726  966  790  909   0   0   0   5,102


----------------------------------------------------------------------------------------
Name              Pos Gam Sub  Min Mom Sav Con Cls Ktk Kps Sht Gls Ass            Status
----------------------------------------------------------------------------------------
G_Stopper          GK  18   0 1739   1  99  23   4   0   0   0   0   0                 -
P_Eustice          GK   0   0    0   0   0   0   0   0   0   0   0   0                 -
R_Prussak          GK   0   0    0   0   0   0   0   0   0   0   0   0                 -
B_Sefton           GK   0   0    0   0   0   0   0   0   0   0   0   0                 -
L_Aldai            DF  17   2 1244   0   0   0   0  14   2  30   1   0                 -
K_Hartell          DF  18   0 1675   2   0   0   0  32   1  36   2   0                 -
L_Tenant           DF  18   0 1627   0   0   0   0  20  23   8   0   1                 -
M_Petri            DF   9   6  407   0   0   0   0   2   2   6   0   0                 -
N_Culling          DF  11   6  599   0   0   0   0   4   6   5   0   2                 -
C_Begbie           MF  18   0 1739   0   0   0   0   9  42  11   3   5                 -
Babybinho          MF  18   0 1573   0   0   0   0   1  29  34   2   1                 -
S_Gehring          MF  18   0 1728   1   0   0   0  14  24  17   1   1                 -
Campbundo          MF  18   0 1739   2   0   0   0   6  30  21   1   5                 -
L_Suvillaga        MF  11   0 1003   0   0   0   0   4  18  28   2   1                 -
Kiko_Pogona        MF  18   3 1392   0   0   0   0   2  19  35   6   0                 -
M_Le_Tissier       MF   9   7  364   0   0   0   0   2   7   8   1   0                 -
K_Peacham          MF   8   0  569   0   0   0   0   6   9   2   0   0                 -
C_Massanet         MF   1   0   45   0   0   0   0   0   1   2   0   0                 -
P_Muresanu         MF   0   0    0   0   0   0   0   0   0   0   0   0                 -
J_Byrn             MF   0   0    0   0   0   0   0   0   0   0   0   0                 -
Q_Gehrken          FW   6   3  388   0   0   0   0   5   1  10   2   0                 -
P_Rynne            FW  10   7  492   0   0   0   0   5   2  10   0   0                 -
M_DeFree           FW  12   6  600   1   0   0   0   6   3  14   2   0                 -
Hugo_Snatch        FW   4   4  127   0   0   0   0   2   1   3   1   0                 -
M_Burtnett         FW   0   0    0   0   0   0   0   0   0   0   0   0                 -
