Name             Age Nat St Tk Ps Sh Ag  KAb  TAb  PAb  SAb  DP Inj Sus    Wage
-------------------------------------------------------------------------------
I_Galca           20 rou 18  1  1  1 30  444  408  408  408   0   0   0   2,100
D_Goldis          20 rou 15  1  1  1 14  962  618  618  618   0   0   0     450
R_Fusco           17 ITA 12  1  1  1 32  297  300  300  300   0   0   0     140
E_Gheorghe        20 rou  1 18 12  5 18  408  387  371  352   2   0   0   3,376
G_Stoica          20 rou  1 17  3  9 35  408   39  710  744   2   0   0   1,803
C_Filipescu       20 rou  1 16 10  7 40  612  541  943  843   2   0   0   1,465
I_Ilie            19 rou  1 15  7  5 18  516  795  344  295   0   0   0     651
N_Teodorescu      19 rou  1 14 10  5 34  516   48   29  773   0   0   0     497
Y_Koch            17 AUS  1 13  3  8 16  300  273  691  463   0   0   0     269
S_Johnson         16 ENG  1 12  6  2  3  300  158  429  809   0   0   0     193
I_Hagi            17 rou  1 12  5  8  8  300  766  704  541   0   0   0     211
Y_Sergio          17 BRA  1 12  5  5 14  300  409  439  598   0   0   0     197
P_Luque           16 ARG  1 11  3  4 24  300  886  119  662   0   0   0     112
D_Vasiliu         20 rou  1 13 17  9 10  618  594  125  306   0   0   0   2,502
L_Voiculescu      19 rou  1 14 16  6 58  300  147  489  485   6   0   0   1,633
T_Balescu         18 rou  1  4 15  7  8  408  342  407  229   2   0   0     639
C_Ganea           19 rou  1 14 15  7 16  516  982  629  469  14   0   0     853
C_Vulcan          17 rou  1  4 13  7 31  300  254  925  244   0   0   0     296
C_Greco           17 ITA  1  5 13  8 11  300  705  465  815   0   7   0     315
F_Albu            17 rou  1  6 13  8 40  300  168  290  266  10   0   0     321
V_Baicu           18 rou  1  4 13 11 45  408  990  931  782   2   0   0     348
Y_Berbis          16 AUS  1  8 11  3  7  300   39  850  593   0   0   0     144
J_Caragiale       18 rou  1  6 15 17 15  408  313  947  681   0   0   0   2,544
N_Bumbescu        19 rou  1 11  4 16 38  516  413  323  137   2   0   0   1,268
W_Rehak           18 CZE  1  9  7 14 38  300  414  804  120   0   0   0     477
C_Minea           19 rou  1  7 11 12  9  516  193  232  927   0   0   0     267


----------------------------------------------------------------------------------------
Name              Pos Gam Sub  Min Mom Sav Con Cls Ktk Kps Sht Gls Ass            Status
----------------------------------------------------------------------------------------
I_Galca            GK   8   1  732   0  34  14   2   0   0   0   0   0                 -
D_Goldis           GK   5   0  449   0  12   6   2   0   0   0   0   0                 -
R_Fusco            GK   0   0    0   0   0   0   0   0   0   0   0   0                 -
E_Gheorghe         DF  12   0 1181   0   0   0   0  11  16   3   0   1                 -
G_Stoica           DF   8   3  594   0   0   0   0   6   1   5   0   1                 -
C_Filipescu        DF  10   0  915   1   0   0   0   6   7   4   1   1                 -
I_Ilie             DF  11   0  985   1   0   0   0  16   5   8   0   1                 -
N_Teodorescu       DF   3   2  255   0   0   0   0   6   1   2   0   0                 -
Y_Koch             DF   0   0    0   0   0   0   0   0   0   0   0   0                 -
S_Johnson          DF   0   0    0   0   0   0   0   0   0   0   0   0                 -
I_Hagi             DF   0   0    0   0   0   0   0   0   0   0   0   0                 -
Y_Sergio           DF   0   0    0   0   0   0   0   0   0   0   0   0                 -
P_Luque            DF   1   1    9   0   0   0   0   0   0   0   0   0                 -
D_Vasiliu          MF  12   0 1177   2   0   0   0   6  25  11   5   4                 -
L_Voiculescu       MF  12   0 1157   0   0   0   0   9  15  10   1   2                 -
T_Balescu          MF  11   0 1023   1   0   0   0   1  17  13   3   2                 -
C_Ganea            MF  11   0 1055   1   0   0   0   8  12   5   0   1                 -
C_Vulcan           MF   0   0    0   0   0   0   0   0   0   0   0   0                 -
C_Greco            MF   5   5   81   0   0   0   0   0   2   3   0   1                 -
F_Albu             MF   3   2  106   0   0   0   0   0   1   1   1   0                 -
V_Baicu            MF   8   1  506   0   0   0   0   2   8   6   1   0                 -
Y_Berbis           MF   0   0    0   0   0   0   0   0   0   0   0   0                 -
J_Caragiale        FW  12   0 1181   0   0   0   0   6  16  25   6   0                 -
N_Bumbescu         FW  12   1 1039   0   0   0   0   4   1  25   4   0                 -
W_Rehak            FW   6   4  297   1   0   0   0   2   2   7   0   1                 -
C_Minea            FW   3   2  113   0   0   0   0   0   1   5   0   0                 -
