Name         Age Nat St Tk Ps Sh Ag KAb TAb PAb SAb Gam Sub  Min Mom Sav Con Ktk Kps Sht Gls Ass  DP Inj Sus
------------------------------------------------------------------------------------------------------------
C_Ionita      21 rom 17  1  1  1 14 272 300 300 300   4   0  372   0   5   4   0   0   0   0   0   0   0   0
Y_Hopfinger   21 cro 17  1  1  1 36 940 300 300 300  11   0 1054   0  39  14   0   0   0   0   0   0   0   0
P_Lazar       20 rom  1 18  7  9 22 300 162 327 821  15   0 1324   0   0   0   9   6  15   2   0   0   0   0
L_Roman       19 rom  1 18  6  9 19 300 358 737 899  15   4 1067   1   0   0   9   2  10   1   0   0   0   0
T_Gheorghiu   19 rom  1 18  5  7 23 300 121 545  26  13   5  807   0   0   0   5   1   5   0   0   0   0   0
C_Cinca       19 rom  1 17  6  5 25 300   2 408  86   3   3   79   0   0   0   0   0   0   0   0   0   0   0
S_Zamfir      18 rom  1 16  4  8 34 300 984 248 449   2   2   70   0   0   0   0   0   0   0   0   2   0   0
T_Cozma       18 rom  1 16  9  5 66 300  99 193 108   1   1    3   0   0   0   0   0   0   0   0   0   0   0
E_Skutnik     17 rom  1 15  8  4 26 300 432 579 864   3   0  180   0   0   0   3   1   0   0   0   0   0   0
M_Parvulescu  20 rom  1 13 19 13 11 300 703 309 245  15   0 1384   0   0   0  10  15  10   0   2   0   0   0
D_Balitiu     20 rom  1 12 19  9 26 300 669 340 823  15   0 1364   0   0   0   9  21  20   3   2   4   0   0
W_Westfall    19 nir  1 17 19 16 34 300 948 664 638  15   0 1416   1   0   0  18  19  19   3   1  14   0   1
C_Boroi       20 rom  1 11 19  5 44 300 886 106 460  15   1 1228   1   0   0   2  27   4   0   3   0   0   0
I_Kazaku      19 rom  1 16 19 13 10 300 884 185 893  15   0 1426   2   0   0   8  25  13   2   2   0   0   0
S_Kazaku      16 rom  1  8 15  9 21 300 848 100 177   4   4   74   0   0   0   0   3   2   0   0   0   0   0
S_Olteanu     17 rom  1  4 14  5 60 300 695 905 674   0   0    0   0   0   0   0   0   0   0   0   0   0   0
F_Pacuraru    19 rom  1  8 12 19 10 300 557 143 122  15   7  923   0   0   0   2   5  19   3   0   2   0   0
J_Moculescu   19 rom  1 14 17 18 68 300 580 427 761  15   0 1426   3   0   0   7  15  25  10   3   8   0   0
R_Amanar      19 rom  1 13 14 18 17 300 906 616 739  10   0  829   0   0   0   4   5  31   2   0   0   0   0
H_Ghita       19 rom  1  5 15 18 32 300 996 876 517  10   4  637   0   0   0   2   8  15   0   1  12   0   0
P_Chivu       18 rom  1  5  5 17 16 300 906 907 259   0   0    0   0   0   0   0   0   0   0   0   0   0   0
