Name             Age Nat St Tk Ps Sh Ag  KAb  TAb  PAb  SAb  DP Inj Sus    Wage
-------------------------------------------------------------------------------
L_Riviello        27 ger 26  1  1  1 27 1258  300  300  300   2   0   0 120,000
I_Katchalot       28 eng 21  1  1  1 21  411  300  300  300   0   0   0   8,800
B_Colosimo        30 ita  1 25 15 17 29  300  181  891  817   0   0   0 150,684
N_Prosise         25 col  1 24  8 12  6  300  619  401  297   0   0   0  83,012
R_Bourque         30 can  1 23 12  9 18  300  764  215  821  14   0   1  55,642
Q_Campbell        23 aus  1 22 10 16 58  300  432   30  298  24   0   2  30,787
H_Zschiesche      21 ger  1 21 16 11 47  300  201  667  339   2   0   0  15,818
A_Thompson        22 nir  1 21 11  5  4  300  609   18  343   0   0   0  13,031
U_Poulsen         25 den  1 20 11  5  4  300  377  773  719   0   0   0   7,374
N_Hes             29 ger  1 15 25 14 14  300  955  102  574  10   0   0 146,508
H_Hoobler         31 bel  1  6 24  8 26  300  525  155  795   2   0   0  77,212
G_Vialli          22 ita  1 17 23 11  4  300  447  532  813   0   0   0  63,546
K_Stewart         31 sco  1  9 23  6 25  300  694  607  407   4   0   0  49,773
N_Nelson          21 cyp  1 12 20  6 34  300  546  490  595   4   0   0   7,680
L_Kingsley        22 nga  1  6 20 15 32  300  270  395  571   0   0   0   8,305
R_Toodeetoo       32 rsa  1  3 16 24 15  300  400  820  931  10   0   0  90,745
Neo               30 arg  1  6 11 23  8  300  538  586  303   0   0   0  52,434
P_Luyindula       22 fra  1 13  8 21 24  300   90  248  308   0   0   0  13,304
G_Lineker         26 eng  1 13 17 21 28  300  794   80  591   2   0   0  16,510
Brillianto        21 bra  1  7 16 20 55  300  822  644  167  12   0   0   8,611


----------------------------------------------------------------------------------------
Name              Pos Gam Sub  Min Mom Sav Con Cls Ktk Kps Sht Gls Ass            Status
----------------------------------------------------------------------------------------
L_Riviello         GK  21   0 1989   0 119  31   5   0   0   0   0   0                 -
I_Katchalot        GK   2   1  126   0   6   6   0   0   0   0   0   0                 -
B_Colosimo         DF  22   0 2115   2   0   0   0  28  20  25   2   3                 -
N_Prosise          DF  22   0 2029   1   0   0   0  41   7  12   0   0                 -
R_Bourque          DF  14   1 1149   1   0   0   0  15   3   5   1   0                 -
Q_Campbell         DF  17   2 1283   0   0   0   0  20   7  11   0   0                 -
H_Zschiesche       DF  12   1 1067   1   0   0   0  13   9   8   1   2                 -
A_Thompson         DF  19  12  996   0   0   0   0  11   4   2   0   0                 -
U_Poulsen          DF   0   0    0   0   0   0   0   0   0   0   0   0                 -
N_Hes              MF  17   1 1431   0   0   0   0   5  16  18   1   0                 -
H_Hoobler          MF  21   6 1484   1   0   0   0   1  24   7   0   5                 -
G_Vialli           MF  22   0 2076   0   0   0   0  13  34  14   0   2                 -
K_Stewart          MF  16   3 1230   0   0   0   0   2  31   9   3   3                 -
N_Nelson           MF  11   2  655   0   0   0   0   4  13   6   2   0                 -
L_Kingsley         MF   8   5  515   0   0   0   0   1   4   7   2   0                 -
R_Toodeetoo        FW  21   0 1966   1   0   0   0   0  14  55   8   0                 -
Neo                FW  18   7 1189   1   0   0   0   1   5  23   6   1                 -
P_Luyindula        FW  12   3  727   0   0   0   0   3   2  12   1   0                 -
G_Lineker          FW   6   3  278   0   0   0   0   1   3  13   3   0                 -
Brillianto         FW   9   0  761   0   0   0   0   1   8  12   1   0                 -
