Name             Age Nat St Tk Ps Sh Ag  KAb  TAb  PAb  SAb  DP Inj Sus    Wage
-------------------------------------------------------------------------------
L_Ronaldo         20 bra 18  1  1  1 34  793  300  300  300   0   0   0   2,100
H_Penu            20 est 16  1  1  1 37  548  300  300  300   0   0   0     900
R_Jorge           18 esp 14  1  1  1  7  939  300  300  300   0   0   0     300
P_Ale             18 arg 14  1  1  1 23    2  300  300  300   0   0   0     300
E_Rodriguez       20 col  1 18 12  6 33  300  333  206  296  10   0   0   3,423
Q_Galvan          20 arg  1 17  9 11 18  300  542   68  562   2   0   0   2,289
M_Sacco           20 ita  1 16  4 11 61  300  622  548   73  18   0   0   1,268
I_Simoes          20 bra  1 16  6  3  7  300  530  866  748   2   0   0   1,184
L_Kerr            20 nir  1 16  5  9 15  300  453  123  221   0   0   0   1,271
X_Walters         19 wal  1 15  4  7 10  300  881  178  809   2   0   0     598
V_Watson          19 nir  1 15  3  8 11  300  666  363  587   2   0   0     585
N_Aguirre         19 arg  1 15 12  9 30  300  449  647  595   4   0   0     826
M_Sorrentino      19 ita  1 15  5 12 22  300  255  168   63   0   0   0     684
P_Holowaty        17 ukr  1 14  2  8 47  300  810  217  264   0   0   0     378
Y_Anderson        17 nir  1 13  8  3  6  300  145  333  645   0   0   0     303
S_Cohen           17 arg  1  8 14  6 38  300  297  351  871  10   0   0     469
B_Cattaneo        19 ita  1  5 14  3  5  300  994  661  860   0   0   0     389
Y_Armando         19 bra  1  6 14  9 15  300  875  448  454   0   0   0     487
H_Renton          16 nzl  1 12 13  8 11  300  262  994  225   0   0   0     386
W_Wender          17 bra  1  4 13 11  4  300  886  146  407   0   0   0     348
G_Edu             19 esp  1  5  9 15  9  300   32  883  909   0   0   0     702
T_Orosz           19 hun  1  4  8 15 71  300  794  585  712   2   0   0     664
W_Eduardo         19 bra  1  6  9 15 27  300  940  934  204   0   0   0     714
D_F_Dingle        16 eng  1  7  9 13 28  300  965  678  704   2   0   0     340


----------------------------------------------------------------------------------------
Name              Pos Gam Sub  Min Mom Sav Con Cls Ktk Kps Sht Gls Ass            Status
----------------------------------------------------------------------------------------
L_Ronaldo          GK  17   0 1649   1  84  28   2   0   0   0   0   0                 -
H_Penu             GK   0   0    0   0   0   0   0   0   0   0   0   0                 -
R_Jorge            GK   0   0    0   0   0   0   0   0   0   0   0   0                 -
P_Ale              GK   0   0    0   0   0   0   0   0   0   0   0   0                 -
E_Rodriguez        DF  15   0 1164   0   0   0   0  14  11  10   0   1                 -
Q_Galvan           DF  17   0 1605   1   0   0   0  21  15  20   3   1                 -
M_Sacco            DF  13   0 1172   0   0   0   0   9   4  12   0   0                 -
I_Simoes           DF  13   8  773   0   0   0   0   6   6   5   0   0                 -
L_Kerr             DF   2   0  191   0   0   0   0   4   0   4   1   0                 -
X_Walters          DF   9   0  822   0   0   0   0  11   2  10   0   0                 -
V_Watson           DF   5   3  352   0   0   0   0   2   1   1   0   0                 -
N_Aguirre          DF   7   0  667   0   0   0   0   6  10   5   0   2                 -
M_Sorrentino       DF   0   0    0   0   0   0   0   0   0   0   0   0                 -
P_Holowaty         DF   7   0  602   0   0   0   0   8   3   6   0   0                 -
Y_Anderson         DF   0   0    0   0   0   0   0   0   0   0   0   0                 -
S_Cohen            MF  16   0 1535   0   0   0   0   5  33  10   0   0                 -
B_Cattaneo         MF  17   9 1052   0   0   0   0   3  20   5   0   1                 -
Y_Armando          MF  11   0  833   0   0   0   0   5  14   9   0   3                 -
H_Renton           MF  17   0 1649   0   0   0   0   4  26  11   4   1                 -
W_Wender           MF   7   1  494   0   0   0   0   0   8   6   1   0                 -
G_Edu              FW  17   1 1328   1   0   0   0   6   9  26   5   1                 -
T_Orosz            FW  14   4 1075   0   0   0   0   1   2  30   2   0                 -
W_Eduardo          FW   5   5  139   0   0   0   0   1   1   7   2   0                 -
D_F_Dingle         FW  10   1  903   1   0   0   0   1   8  16   2   3                 -
