V_Valdes      LG esp 29  1  1  1 22 803   1   1   1 # £30,000,000
Ederson       24 bra 28  1  1  1 29 655   1   1   1 # £25,000,000  	
J_Pickford    22 eng 27  1  1  1 24 819   1   1   1 # £20,000,000  
J_Zoet        27 ned 27  1  1  1 21 613   1   1   1 # £15,000,000  		
R_Blanco      21 esp 26  1  1  1 29 522   1   1   1 # £15,000,000  

F_cannavaro   LG ita  1 27 15  3 28   1 462 103 152 # £30,000,000  
Alex_Sandro   27 bra  1 25 15  7 27   1 369 359	732 # £25,000,000
S_Umtiti      24 fra  1 24 19  6 23   1 102 332 843 # £25,000,000
Jemerson      25 bra  1 24 15  3 25   1 430 173	376 # £20,000,000
S_Kolasinac   24 bos  1 23 20  7 22   1 406 405	188 # £20,000,000
Y_Rakitskiy   28 ukr  1 23 16 10 21   1 778 378	543 # £20,000,000
D_Sanches     21 col  1 22 17  6 27   1 331 588	762 # £20,000,000
G_Donati      27 ita  1 22 19  4 26   1 542 116	188 # £20,000,000
L_Dendoncker  22 bel  1 22 16  5 26   1 822 268	429 # £15,000,000
U_Nunez       19 esp  1 21 17  8 22   1 780 870	147 # £15,000,000

Ronaldinho    LG bra  1  4 27 21 25   1 339 439 291 # £30,000,000 
B_Silva       23 por  1  2 25 19 23   1 713 359	513 # £25,000,000
Pedro         28 esp  1  8 24 18 28   1 379 347 929 # £20,000,000
J_Pastore     28 arg  1 13 24 13 22   1  49 660	193 # £15,000,000
C_Tolisso     23 fra  1 18 24  5 26   1 682 694	842 # £25,000,000
T_Lemar       22 fra  1  5 23 20 22   1 435 210	792 # £20,000,000
S_Roberto     25 esp  1 19 23  7 32   1 767 889	862 # £20,000,000
N_Keita       23 gui  1 15 23 13 22   1 293 906  23 # £20,000,000
M_Vecino      26 uru  1  9 23 12 23   1 366 489	310 # £15,000,000
S_N'Zonzi     29 fra  1 20 22  6 25   1 139 150	531 # £20,000,000
Malcom        20 bra  1  5 21 17 29   1 524 553	762 # £15,000,000
F_Kessie      21 civ  1 14 21 13 25   1 502 757	790 # £15,000,000

T_Henry       LG fra  1  4 18 27 25   1 968 279 429 # £30,000,000   
M_Icardi      24 arg  1  3 19 25 23   1 288 722 234 # £25,000,000
C_Tosun	      26 tur  1  3 17 24 22   1 317 630	741 # £25,000,000
N_Kalinic     29 cro  1  6 16 24 24   1 639 505	180 # £20,000,000
C_Immobile    28 ita  1  2 14 24 29   1 710 405	172 # £20,000,000
G_Carrillo    26 arg  1  5 20 23 22   1 320 196	409 # £20,000,000
S_Azmoun      23 irn  1  7 17 23 26   1 344 244	717 # £20,000,000
A_Younes      25 ger  1  8 18 22 29   1 450 101	682 # £15,000,000
A_Sanabria    21 cro  1  3 14 22 27   1 729 429	491 # £15,000,000
F_Chiesa      19 ita  1  3 15 21 20   1 827 856	886 # £15,000,000

C_Kramer 26 ger 1 16 22 7 28 1 575 778 654
D_Samuels 28 eng 1 23 17 9 27 1 792 44 184 
J_Mere 20 esp 1 23 14 5 19 1 974 885
