Name             Age Nat St Tk Ps Sh Ag  KAb  TAb  PAb  SAb  DP Inj Sus    Wage
-------------------------------------------------------------------------------
E_Coldcatcher     23 rsa 26  1  1  1 33 1301  300  300  300   2   0   0 120,000
B_Ethan           28 rsa 23  1  1  1 27  328  300  300  300   0   0   0  36,000
P_Penguin         26 ger  1 25 19  6 54  300  752  526  393  18   0   0 147,204
L_Thuram          24 fra  1 24 19  6 33  300  733  566  863  16   0   0  99,807
R_Lodigiani       22 ita  1 23 10  5 19  300  158   19  283   0   0   0  50,477
B_Moore           23 eng  1 23 20  7  7  300  293  488  277   0   0   0  65,034
W_Moore           23 aus  1 21 13  8  7  300  753  542  202   0   0   0  14,247
R_Carlos          24 bra  1 21 15 14 32  300  517  938  229   2   0   0  15,965
S_Pettinari       24 ita  1 21 19  9  6  300  373  950  462   2   0   0  16,551
A_Calafato        30 mlt  1 10 26 15 15  300  829  835  996   0   0   0 191,538
U_Vavu            23 rou  1 17 24 20 40  300  380  911  521   2   0   0 112,495
V_Janssens        24 bel  1 20 24  5 45  300  781   57  476  16   0   0 100,895
E_Ricardo         24 bra  1  7 22 19  5  300  857  389  847   0   0   0  34,285
L_Pellegrini      23 cyp  1 15 21 11 28  300  967  828  578   0   0   0  15,462
Q_Jorgensen       23 nor  1 10 21 16 16  300  949  857  834   0   0   0  15,650
R_Delicata        23 mlt  1 13 17 25 17  300  448  339  129   4   0   0 151,032
J_Soleil_Jr       21 bra  1  9 19 22 26  300  885  967  526  10   0   0  34,976
F_Gaev            21 blr  1 14 16 21 39  300   25  444  478   0   0   0  16,321
D_Merlo           23 cyp  1  8 17 20  4  300   30  214  620   0   0   0   8,918


----------------------------------------------------------------------------------------
Name              Pos Gam Sub  Min Mom Sav Con Cls Ktk Kps Sht Gls Ass            Status
----------------------------------------------------------------------------------------
E_Coldcatcher      GK  18   0 1620   2  88  11   9   0   0   0   0   0                 -
B_Ethan            GK   2   2  128   0   3   1   0   0   0   0   0   0                 -
P_Penguin          DF  17   0 1646   0   0   0   0  23  13  10   2   1                 -
L_Thuram           DF  17   0 1624   3   0   0   0  18  15   9   1   3                 -
R_Lodigiani        DF  11   0 1044   1   0   0   0  11   4   4   0   0                 -
B_Moore            DF  15   0 1376   3   0   0   0  16  18   9   1   1                 -
W_Moore            DF   9   2  680   0   0   0   0   9   5   2   0   0                 -
R_Carlos           DF   5   3  275   0   0   0   0   2   1   2   0   0                 -
S_Pettinari        DF  10   2  762   0   0   0   0   4   6   6   1   1                 -
A_Calafato         MF  13   0 1124   1   0   0   0   2  21   9   1   3                 -
U_Vavu             MF  18   0 1731   1   0   0   0   8  38  30   3   0      On_Loan(ldn)
V_Janssens         MF  17   0 1602   0   0   0   0  11  29   7   0   1                 -
E_Ricardo          MF  18   3 1293   0   0   0   0   3  14  11   1   1                 -
L_Pellegrini       MF   5   3  249   0   0   0   0   3  10   2   1   1                 -
Q_Jorgensen        MF   4   4  190   0   0   0   0   2   5   4   0   1                 -
R_Delicata         FW  18   0 1748   1   0   0   0   3  14  62   8   1      On_Loan(ldn)
J_Soleil_Jr        FW  16   0 1460   1   0   0   0   3  13  37   5   1      On_Loan(ldn)
F_Gaev             FW   9   6  473   0   0   0   0   1   4  17   1   0                 -
D_Merlo            FW   2   2   49   0   0   0   0   0   0   1   0   0                 -
