Name             Age Nat St Tk Ps Sh Ag  KAb  TAb  PAb  SAb  DP Inj Sus    Wage
-------------------------------------------------------------------------------
J_Rimet           23 esp 26  1  1  1 12 1014  300  300  300   0   0   0 120,000
D_Tvanni          24 mlt 23  1  1  1 46  446  300  300  300   0   0   0  36,000
C_Kirkener        29 wal  1 25  8 17 62  300  105  206  876   4   0   0 129,978
P_Elcock          29 can  1 24 13 10 16  300  448  434  170   4   0   0  91,350
B_Lizarazu        25 fra  1 23  9 18 33  300  582  786  182   0   0   0  57,286
C_Kuszny          29 rus  1 23  5 15 19  300  880  269   51   0   0   0  50,086
F_Lawrinson       27 mlt  1 21  5  9 14  300  273  319  281   0   0   0  11,564
R_Heathcock       27 eng  1 21 11 15 31  300  888  701  781   2   0   0  14,707
D_Kara            23 fra  1 20 14 10 12  300  586  267  434   0   0   0   8,489
Z_Swift           27 mex  1 18 25 15 32  300  546 1259  367   2   0   0 156,774
M_Timperley       29 aus  1 13 24  4 20  300  227 1038  850   2   0   0  85,550
R_Kopa            27 fra  1  9 23 15 30  300   15  744   84   2   0   0  59,634
F_Rudder          26 fra  1  8 21  9 30  300  440  860  910   0   0   0  12,822
W_Vigano          21 ita  1 11 20 13 21  300  730  438  841  10   0   0   8,379
R_Stempfley       26 bol  1 13 20 16  6  300  807  304  687   0   0   0   9,199
G_Job             22 cmr  1 14 10 22  5  300  566  806  157   0   0   0  30,096
W_Verhulst        21 bel  1 10 19 21 18  300  487  721   67   4   0   0  16,719
B_Deluxe          32 fra  1  5 10 21 35  300   18  342  398   2   0   0  12,675
N_Pribyl          26 arm  1  7 15 20 30  300  294  122  740   0   0   0   8,403
Socrates          32 bra  1  3  6 20 31  300  676  895  176   0   0   0   6,137


----------------------------------------------------------------------------------------
Name              Pos Gam Sub  Min Mom Sav Con Cls Ktk Kps Sht Gls Ass            Status
----------------------------------------------------------------------------------------
J_Rimet            GK  18   0 1706   1  70  28   5   0   0   0   0   0                 -
D_Tvanni           GK   2   1  188   0   7   4   0   0   0   0   0   0                 -
C_Kirkener         DF  19   0 1801   2   0   0   0  16   6  21   2   1                 -
P_Elcock           DF  19   0 1801   2   0   0   0  25  16   8   1   1                 -
B_Lizarazu         DF   7   1  652   0   0   0   0   5   5   4   0   0                 -
C_Kuszny           DF  18   0 1708   1   0   0   0  16   3  20   1   0                 -
F_Lawrinson        DF   1   0   93   0   0   0   0   0   0   1   0   0                 -
R_Heathcock        DF  17   1 1604   1   0   0   0  18   9  24   0   0                 -
D_Kara             DF   5   0  296   0   0   0   0   2   7   2   0   0                 -
Z_Swift            MF  19   0 1801   0   0   0   0  10  31  19   2   1                 -
M_Timperley        MF  16   0 1516   0   0   0   0   2  32   3   0   1                 -
R_Kopa             MF  14   0 1289   0   0   0   0   1  18  12   2   1                 -
F_Rudder           MF   4   1  326   0   0   0   0   0   9   1   0   2                 -
W_Vigano           MF  16   0 1448   0   0   0   0   7  24  14   0   2                 -
R_Stempfley        MF  11   0 1039   0   0   0   0   3  15   7   0   0                 -
G_Job              FW  10   1  871   0   0   0   0   1   3  20   1   0                 -
W_Verhulst         FW  18   1 1586   2   0   0   0   2  14  26   4   3                 -
B_Deluxe           FW   7   1  544   0   0   0   0   0   4  11   1   0                 -
N_Pribyl           FW   4   0  360   0   0   0   0   0   2   5   0   0                 -
Socrates           FW   2   1  138   0   0   0   0   0   1   4   0   0                 -
