Name             Age Nat St Tk Ps Sh Ag  KAb  TAb  PAb  SAb  DP Inj Sus    Wage
-------------------------------------------------------------------------------
F_Silva           20 por 17  1  1  1 28  610  300  300  300   0   0   0   1,400
F_Ronaldo         18 bra 14  1  1  1  4  716  300  300  300   0   0   0     300
E_Juan            18 esp 13  1  1  1 15   32  300  300  300   0   0   0     200
K_Ivan            19 esp  1 17  6 13 28  300  318  368  150   2   0   0   2,145
P_Luis            19 bra  1 16  4 12  8  300  800  599  696   0   0   0   1,290
O_Mehrak          18 mar  1 15  4 12 53  300   85  711  779  12   0   1     658
X_Roberts         16 wal  1 13  7  7 35  300  675  652   50   6   0   0     314
W_Harris          16 wal  1 12  8  5 25  300  798  370  925   0   0   0     227
D_Rinaldi         20 ita  1  5 18 12 33  300  547  594  209   2   0   0   3,376
Q_Bauer           19 ger  1  4 17 11 34  300  657   85  758   6   2   0   2,198
P_Jacobs          20 bel  1 10 17  9 33  300  917  225  851   0   0   0   2,293
W_Verheyen        19 bel  1  9 16  6 41  300  396  775  172  14   0   0   1,394
A_Garcia          19 fra  1  7 16  9  3  300  382   48  208   0   0   0   1,417
K_Wyeth           18 aus  1  5 15 10  3  300   54  705  572   0   0   0     727
C_Jose_Luis       18 esp  1 11 15 12 39  300  320  194  154   2   0   0     850
L_Djordjevic      19 srb  1  3 15  3 52  300  587  755  381   4   0   0     525
G_Guillaume       18 fra  1  6 14  8 22  300  530  711  714   0   0   0     469
O_Gordon          16 rsa  1  5 12  4 19  300  748  936  923   0   0   0     193
T_Viceconte       20 sui  1  6 13 17 18  300  141  200  832   2   0   0   2,403
A_Sebas           19 esp  1 13  7 16 12  300   95  245  557   4   0   0   1,456
A_Gazzola         18 ita  1  2  9 15  5  300  246  980  691   0   0   0     666
R_Cesar           18 bra  1 12  5 15 50  300  686   68   98   0   0   0     684
Q_Iniguez         19 mex  1  4  3 15 42  300  550  349  710   0   0   0     537
K_Bond            18 eng  1  3  9 14 17  300   19  636   55   0   0   0     462
Q_Ofir            18 isr  1  7  6 13 30  300  211  223  999   0   0   0     301
J_Lyons           18 eng  1  5  5 13 16  300  179  477  961   0   0   0     276


----------------------------------------------------------------------------------------
Name              Pos Gam Sub  Min Mom Sav Con Cls Ktk Kps Sht Gls Ass            Status
----------------------------------------------------------------------------------------
F_Silva            GK  18   0 1711   0  76  23   6   0   0   0   0   0                 -
F_Ronaldo          GK   2   0  216   0   5   2   0   0   0   0   0   0                 -
E_Juan             GK   0   0    0   0   0   0   0   0   0   0   0   0                 -
K_Ivan             DF  20   0 1927   0   0   0   0  24  11  21   2   0                 -
P_Luis             DF  20   0 1927   1   0   0   0  21   9  30   4   0                 -
O_Mehrak           DF  20   0 1882   2   0   0   0  14   9  26   2   3                 -
X_Roberts          DF  18   0 1711   1   0   0   0  10  17  13   3   0                 -
W_Harris           DF   2   0  216   1   0   0   0   1   3   0   0   1                 -
D_Rinaldi          MF  11   0 1015   0   0   0   0   3  28  17   3   1                 -
Q_Bauer            MF  17   0 1545   1   0   0   0   1  43  21   2   1                 -
P_Jacobs           MF  13   2 1102   1   0   0   0  10  18   7   1   3                 -
W_Verheyen         MF  12   0 1122   2   0   0   0   5  22   9   3   4                 -
A_Garcia           MF   8   0  781   1   0   0   0   3  20   5   1   1                 -
K_Wyeth            MF   2   0  216   0   0   0   0   1   1   0   0   0                 -
C_Jose_Luis        MF  17   0 1619   2   0   0   0   9  34  25   2   3                 -
L_Djordjevic       MF   3   1  284   0   0   0   0   1   3   0   0   0                 -
G_Guillaume        MF   0   0    0   0   0   0   0   0   0   0   0   0                 -
O_Gordon           MF   0   0    0   0   0   0   0   0   0   0   0   0                 -
T_Viceconte        FW  18   0 1711   1   0   0   0   1  17  55   9   4                 -
A_Sebas            FW  18   0 1711   1   0   0   0  12   7  44   6   0                 -
A_Gazzola          FW   0   0    0   0   0   0   0   0   0   0   0   0                 -
R_Cesar            FW   2   0  216   0   0   0   0   1   0   1   0   0                 -
Q_Iniguez          FW   2   0  216   0   0   0   0   2   0   1   0   0                 -
K_Bond             FW   0   0    0   0   0   0   0   0   0   0   0   0                 -
Q_Ofir             FW   0   0    0   0   0   0   0   0   0   0   0   0                 -
J_Lyons            FW   0   0    0   0   0   0   0   0   0   0   0   0                 -
