Name             Age Nat St Tk Ps Sh Ag  KAb  TAb  PAb  SAb  DP Inj Sus    Wage
-------------------------------------------------------------------------------
C_Moreno          31 usa 26  1  1  1 14 1069  300  300  300   0   0   0 120,000
S_Snape           23 eng 25  1  1  1 26 1003  300  300  300   0   0   0  87,000
Q_Blyth           29 eng 22  1  1  1 24  717  300  300  300   0   0   0  19,000
M_Neugyburger     25 usa  1 25 19 14 24  300  640  459  961   0   0   0 158,340
T_Muller          23 sui  1 24 12  9 28  300  430  442  145  14   0   0  88,328
B_Vogts           23 ger  1 23 16  3 54  300  609  962  770   0   0   0  57,208
A_James           28 eng  1 23 11 14 11  300  733  419  988   0   0   0  57,443
O_Chop            26 chn  1 22 16 10 20  300  571  248  871   0   0   0  33,120
X_Dempewolf       27 jam  1 21 11  6 40  300  175  535  831   0   0   0  13,199
X_Carey           21 aus  1 16 14  8 13  300  797   69   74   0   0   0   1,630
H_Unbwun          27 jpn  1  9 25 21 53  300  908  425  537   6   1   0 157,296
Roobinda          22 bra  1 21 24 10 26  300  132  130  692   6   0   0  68,242
G_Adomas          23 ltu  1  8 23 15 26  300  909  922   73   0   0   0  59,008
M_MacMac          25 rsa  1 18 23  9  3  300  590  893  918   0   0   0  63,625
B_Deep            25 eng  1  6 23 19 12  300  673  270  948   0   0   0  63,077
V_Turpin          21 fra  1 14 20 10 44  300  449  142  671   0   0   0   8,489
F_Baczynski       25 rus  1 14 20  8 12  300   43  233  554   0   0   0   8,293
J_Samuel          27 eng  1 10 20  8 11  300  632  963  204   0   0   0   7,460
I_Hebben          28 ger  1  9 20  5  3  300  934  452  396   0   0   0   6,958
E_Mazzoni         21 ita  1  3 18  7  4  300  991  611   46   0   0   0   2,688
P_Treppett        21 eng  1  9 18 16 11  300  859  367  135   0   0   0   3,960
S_Athanasiadis    21 gre  1  8 18 11  3  300  600  132  721   0   0   0   3,417
P_Brkovic         28 mlt  1  6 16 26 13  300  476  439 1605   0   0   0 188,076
B_Maduna          30 rsa  1 12 18 26 25  300    4  673  845   4   0   0 206,999
AJ_Riviere        24 fra  1 11 10 23 38  510  879  955  641   0   0   0  54,233
T_Brolin          27 swe  1 10  6 20 17  300  136  773  210   0   0   0   6,823
M_Dionne          28 can  1  7 13 20 28  300  185  573  907   0   0   0   7,987


----------------------------------------------------------------------------------------
Name              Pos Gam Sub  Min Mom Sav Con Cls Ktk Kps Sht Gls Ass            Status
----------------------------------------------------------------------------------------
C_Moreno           GK   1   0   96   0  10   2   0   0   0   0   0   0                 -
S_Snape            GK  12   0 1139   0  89  28   1   0   0   0   0   0                 -
Q_Blyth            GK   0   0    0   0   0   0   0   0   0   0   0   0                 -
M_Neugyburger      DF  12   0 1140   0   0   0   0  23  13  12   0   1                 -
T_Muller           DF  12   0 1054   0   0   0   0  15   9   5   0   1                 -
B_Vogts            DF  13   0 1235   0   0   0   0  17   8   4   0   1                 -
A_James            DF  13   0 1235   1   0   0   0  20   4  21   4   0                 -
O_Chop             DF   3   1  206   0   0   0   0   3   2   2   0   0                 -
X_Dempewolf        DF   1   1   57   0   0   0   0   2   0   0   0   0                 -
X_Carey            DF   0   0    0   0   0   0   0   0   0   0   0   0                 -
H_Unbwun           MF  12   0 1095   1   0   0   0   6  19  18   2   1                 -
Roobinda           MF  13   0 1235   0   0   0   0   6  20   6   0   2      On_Loan(lhr)
G_Adomas           MF  13   0 1175   0   0   0   0   2  24   4   0   2                 -
M_MacMac           MF  13   0 1235   0   0   0   0   3  19   5   2   0                 -
B_Deep             MF   3   2  200   0   0   0   0   0   1   1   0   0                 -
V_Turpin           MF   0   0    0   0   0   0   0   0   0   0   0   0                 -
F_Baczynski        MF   0   0    0   0   0   0   0   0   0   0   0   0                 -
J_Samuel           MF   0   0    0   0   0   0   0   0   0   0   0   0                 -
I_Hebben           MF   0   0    0   0   0   0   0   0   0   0   0   0                 -
E_Mazzoni          MF   0   0    0   0   0   0   0   0   0   0   0   0                 -
P_Treppett         MF   0   0    0   0   0   0   0   0   0   0   0   0                 -
S_Athanasiadis     MF   0   0    0   0   0   0   0   0   0   0   0   0                 -
P_Brkovic          FW  13   0 1235   0   0   0   0   0  16  39   2   2                 -
B_Maduna           FW  13   0 1235   1   0   0   0   2  10  49   7   1                 -
AJ_Riviere         FW   0   0    0   0   0   0   0   0   0   0   0   0                 -
T_Brolin           FW   0   0    0   0   0   0   0   0   0   0   0   0                 -
M_Dionne           FW   0   0    0   0   0   0   0   0   0   0   0   0                 -
