Name             Age Nat St Tk Ps Sh Ag  KAb  TAb  PAb  SAb  DP Inj Sus    Wage
-------------------------------------------------------------------------------
A_Ahmetovic       20 fra 20  1  1  1  9  122  300  300  300   0   0   0   4,900
R_Fowler          19 eng 15  1  1  1 19  745  300  300  300   0   0   0     450
S_Merlo           16 ITA 14  1  1  1 58   49  300  300  300   0   0   0     300
E_Grosso          20 ita  1 19  9 12  3  300  665  847  693   2   0   0   5,086
U_Pinault         19 fra  1 17  9  7 30  300  739  855  866  10   0   0   2,157
A_Lannoy          18 fra  1 15 11  7 20  300   44    4  955   6   0   0     777
A_Werner          20 ger  1 15  6  3 11  300  987  998  848   0   0   0     601
Q_Beyer           20 ger  1 15  6  4 24  300  507  562  960   0   0   0     613
B_Tassi           17 ITA  1 14 12  6 28  300  180   98  921   4   0   0     542
C_Emilio          18 esp  1 14  6  3 42  300  522  397  198   0   0   0     408
E_Xtra            18 eng  1  3  3  3  3  100  468  444  316   0   0   0       4
E_Stephenson      20 eng  1  6 19 11 33  300  296  832  973  14   0   0   4,967
O_Petrovski       18 aus  1 11 16  5  5  300  587  516  731   0   0   0   1,468
J_Gallagher       20 eng  1  7 16  9 26  300  317  392  313   4   0   0   1,417
K_Javi            19 esp  1 11 15  7 20  300  371   15  524   0   0   0     777
Q_Hodges          17 eng  1  6 14 10 30  300  497  979  255   4   0   0     505
H_Karlen          19 sui  1  8 14 11 30  300  738  980  401   0   0   0     542
S_Stadler         17 GER  1  4 13  8 10  300  387  717  703   0   0   0     309
K_Rubens          19 bra  1  4 14 16 30  300  422  404  839   4   0   0   1,588
D_Reginaldo       18 BRA  1  8  6 15  4  300  344  553  732   0   0   0     661


----------------------------------------------------------------------------------------
Name              Pos Gam Sub  Min Mom Sav Con Cls Ktk Kps Sht Gls Ass            Status
----------------------------------------------------------------------------------------
A_Ahmetovic        GK   2   0  193   0  11   1   1   0   0   0   0   0                 -
R_Fowler           GK   0   0    0   0   0   0   0   0   0   0   0   0                 -
S_Merlo            GK  17   0 1620   0  96  31   3   0   0   0   0   0                 -
E_Grosso           DF  19   0 1813   1   0   0   0  28   9  33   1   0                 -
U_Pinault          DF  17   0 1623   0   0   0   0  18  13  10   0   0                 -
A_Lannoy           DF  18   0 1715   4   0   0   0  34  13  17   4   1                 -
A_Werner           DF   2   0  193   0   0   0   0   0   2   2   0   0                 -
Q_Beyer            DF   3   1  275   0   0   0   0   1   1   1   0   0                 -
B_Tassi            DF  17   0 1620   2   0   0   0  24  14  17   1   2                 -
C_Emilio           DF   3   0  284   0   0   0   0   1   2   1   0   0                 -
E_Xtra             MF   0   0    0   0   0   0   0   0   0   0   0   0                 -
E_Stephenson       MF  17   0 1438   0   0   0   0   7  24  20   0   0                 -
O_Petrovski        MF  19   0 1813   2   0   0   0  12  42  10   0   4                 -
J_Gallagher        MF  17   1 1600   0   0   0   0   5  26  26   4   1                 -
K_Javi             MF   3   1  205   0   0   0   0   1   5   2   0   0                 -
Q_Hodges           MF  13   0 1212   1   0   0   0   3  26  20   2   3                 -
H_Karlen           MF   9   1  707   0   0   0   0   1  11  13   2   0                 -
S_Stadler          MF   2   1  186   0   0   0   0   0   3   1   0   1                 -
K_Rubens           FW  19   0 1813   1   0   0   0   3  26  55  10   2                 -
D_Reginaldo        FW  15   0 1352   0   0   0   0   4   4  34   1   0                 -
