Name             Age Nat St Tk Ps Sh Ag  KAb  TAb  PAb  SAb  DP Inj Sus    Wage
-------------------------------------------------------------------------------
A_Le_Coq          25 fra 25  1  1  1  9  789  300  300  300   0   0   0  87,000
P_Rigio           25 ita 23  1  1  1 18  430  300  300  300   0   0   0  36,000
T_Popovic         23 aus  1 24 13 20 30  300  168  117  383  12   0   0 101,016
H_Danukas         22 ltu  1 23 13  9 28  300  559  349  623  12   0   0  56,973
F_Beckenbauer     23 ger  1 23 20  9 28  300  778  720  776   2   0   0  66,286
I_Pardini         23 ita  1 23 17 10 23  300   50  623  755  12   0   0  62,920
E_Killoran        29 irl  1 21  8  4 18  300  594  109  483   0   0   0  11,795
X_Stewart         21 aus  1 20  4  9 33  300  255  639  948   0   0   0   6,308
R_Riley           23 eng  1 20 14  9 43  300  883  880  952   0   0   0   8,391
G_Speed           23 wal  1  8 24 17 31  300   53  994  494   4   0   0  97,632
R_Savage          23 wal  1 17 24  9 35  300   49  611  155  12   0   0  98,599
Y_Djorkaeff       26 mlt  1 12 24 20 15  300  416   31  973   0   0   0 107,662
M_Laudrup         23 den  1 15 22 12 13  300  239  879  565   0   0   0  33,077
T_Caradog         25 wal  1  5 21 15 23  300  612  432  685   0   0   0  14,456
S_Griffiths       22 wal  1  5 20 12 20  300  586  688  580   0   0   0   7,582
F_Goncalves       21 bra  1  5 19 13 27  300  740  448  289   0   0   0   5,186
D_Turnbull        25 eng  1 12 18 25 10  300  467  539 1375   2   0   0 152,598
M_Modica          23 ita  1  6 18 24 43  300  817  589  485   2   0   0  97,753
U_Vargas          21 col  1 14 10 20  4  300  546  949  310   0   0   0   8,048
V_Dani            22 esp  1  9  7 20 12  300  915  892  263   0   0   0   6,933
Y_Montalvo        29 ltu  1  5  9 20 43  300  611  303  746   0   0   0   6,958


----------------------------------------------------------------------------------------
Name              Pos Gam Sub  Min Mom Sav Con Cls Ktk Kps Sht Gls Ass            Status
----------------------------------------------------------------------------------------
A_Le_Coq           GK  18   0 1745   0  89  37   1   0   0   0   0   0                 -
P_Rigio            GK   0   0    0   0   0   0   0   0   0   0   0   0                 -
T_Popovic          DF  17   0 1623   0   0   0   0  31  15  18   0   0                 -
H_Danukas          DF  17   0 1579   2   0   0   0  30  12  12   1   1                 -
F_Beckenbauer      DF  18   0 1745   2   0   0   0  31  24   9   0   5                 -
I_Pardini          DF  14   1 1138   0   0   0   0  10   7   2   0   2                 -
E_Killoran         DF   4   2  298   0   0   0   0   6   1   0   0   0                 -
X_Stewart          DF   0   0    0   0   0   0   0   0   0   0   0   0                 -
R_Riley            DF   3   3  126   0   0   0   0   3   2   0   0   0                 -
G_Speed            MF  18   0 1690   1   0   0   0   9  23  24   2   2                 -
R_Savage           MF  17   0 1531   0   0   0   0   9  23   9   0   3                 -
Y_Djorkaeff        MF  14   0 1305   0   0   0   0   2  14  22   4   0                 -
M_Laudrup          MF  12   0 1117   1   0   0   0   4  17  14   3   3                 -
T_Caradog          MF  11   2  976   1   0   0   0   4  15  14   1   1                 -
S_Griffiths        MF   5   3  280   1   0   0   0   0   6   3   1   1                 -
F_Goncalves        MF   0   0    0   0   0   0   0   0   0   0   0   0                 -
D_Turnbull         FW  18   0 1702   0   0   0   0   2  17  55  11   2                 -
M_Modica           FW  15   0 1304   0   0   0   0   2   6  25   4   0                 -
U_Vargas           FW   1   1   50   0   0   0   0   1   0   2   0   0                 -
V_Dani             FW   2   2   34   0   0   0   0   0   0   1   0   0                 -
Y_Montalvo         FW   0   0    0   0   0   0   0   0   0   0   0   0                 -
