Name             Age Nat St Tk Ps Sh Ag  KAb  TAb  PAb  SAb  DP Inj Sus    Wage
-------------------------------------------------------------------------------
G_Stopper         30 mex 26  2  2  2 37   90  382  382  382   0   0   0 120,000
P_Eustice         21 eng 22  1  1  1 26  765  762  762  762   0   0   0  19,000
R_Prussak         23 cze 21  1  1  1 14  288  855  855  855   0   0   0   8,800
B_Sefton          25 sco 21  2  2  2 14  171  141  141  141   0   0   0   8,800
L_Aldai           24 isr  1 23  8 20 21  846  999  371  281   4   0   0  57,208
K_Hartell         26 eng  2 23 11 19 37  259  531  135  869  12   0   0  60,573
L_Tenant          24 aus  2 21 17  6 19  213  565  523  761   2   0   0  15,337
M_Petri           21 rou  1 20 13 18  7  618  591   16  378   0   0   0   8,856
N_Culling         22 wal  1 20 15 12 16  817  824  524  817   2   0   0   8,893
C_Begbie          28 sco  2 19 25  7 14  139  140  957  961   4   0   0 148,596
Babybinho         25 bra  2  5 24 21 10  279  671 1187  249   0   0   0 102,949
S_Gehring         30 ger  2 21 24 11 26  234  679  444  972  10   0   0 108,749
L_Suvillaga       22 per  1 12 23 21 31  635  264  298  937   6   0   0  69,494
Campbundo         24 bra  1 17 23 14  8  936  551  913  333   0   0   0  65,425
Kiko_Pogona       23 aus  1  9 22 20 22  954   42  162  585   2   0   0  35,710
M_Le_Tissier      28 eng  1 12 20 14  7  300  622  548  974   0   0   0   8,685
K_Peacham         30 ire  2 17 20  8 60  621  774  143  451  14   0   0   8,918
P_Muresanu        21 rou  1  8 19 18 28  618  236  121  208   0   0   0   4,111
J_Byrn            21 sco  1 12 19  7 25  718  945   59  206   0   0   0   3,470
C_Massanet        25 den  2  5 19 19 20  125  256  661  968   0   0   0   6,045
Q_Gehrken         28 isr  2 15  8 23 47  675  705  965  803   4   0   0  54,078
P_Rynne           23 usa  1 17  8 22  9  534  920  788  844   0   0   0  29,665
M_DeFree          24 fra  1 19  9 22 46  822  444  249  521  12   0   0  31,090
M_Burtnett        21 can  1  9 12 20 19  726  128   48  185   0   0   0   7,766
Hugo_Snatch       22 spa  1 18 10 20 17  774  748  809  245   0   0   0   8,440


----------------------------------------------------------------------------------------
Name              Pos Gam Sub  Min Mom Sav Con Cls Ktk Kps Sht Gls Ass            Status
----------------------------------------------------------------------------------------
G_Stopper          GK  24   0 2311   2 135  28   6   0   0   0   0   0                 -
P_Eustice          GK   0   0    0   0   0   0   0   0   0   0   0   0                 -
R_Prussak          GK   0   0    0   0   0   0   0   0   0   0   0   0                 -
B_Sefton           GK   0   0    0   0   0   0   0   0   0   0   0   0                 -
L_Aldai            DF  23   3 1711   0   0   0   0  18   5  40   1   0                 -
K_Hartell          DF  22   0 2030   2   0   0   0  35   3  43   3   0                 -
L_Tenant           DF  24   0 2087   0   0   0   0  21  29   9   0   1                 -
M_Petri            DF  14   9  660   0   0   0   0   3   3   8   1   0                 -
N_Culling          DF  16   8  889   0   0   0   0   6  13   8   0   2                 -
C_Begbie           MF  24   0 2311   0   0   0   0  12  50  13   3   6                 -
Babybinho          MF  24   0 2117   2   0   0   0   1  39  46   5   1                 -
S_Gehring          MF  23   0 2143   3   0   0   0  17  38  21   1   3                 -
L_Suvillaga        MF  17   0 1575   0   0   0   0   5  27  42   3   3                 -
Campbundo          MF  24   0 2311   2   0   0   0   8  41  27   2   5                 -
Kiko_Pogona        MF  23   3 1784   0   0   0   0   2  27  48   6   0                 -
M_Le_Tissier       MF   9   7  364   0   0   0   0   2   7   8   1   0                 -
K_Peacham          MF  11   0  853   0   0   0   0   7  13   4   0   0                 -
P_Muresanu         MF   0   0    0   0   0   0   0   0   0   0   0   0                 -
J_Byrn             MF   1   1   32   0   0   0   0   0   0   1   0   0                 -
C_Massanet         MF   1   0   45   0   0   0   0   0   1   2   0   0                 -
Q_Gehrken          FW   7   3  484   0   0   0   0   6   1  14   3   0                 -
P_Rynne            FW  12   8  616   0   0   0   0   5   2  10   0   0                 -
M_DeFree           FW  17  10  790   1   0   0   0   6   3  16   2   0                 -
M_Burtnett         FW   0   0    0   0   0   0   0   0   0   0   0   0                 -
Hugo_Snatch        FW   7   7  167   0   0   0   0   2   1   5   1   0                 -
