Name             Age Nat St Tk Ps Sh Ag  KAb  TAb  PAb  SAb  DP Inj Sus    Wage
-------------------------------------------------------------------------------
A_Martin          20 wal 19  1  1  1 22  152  300  300  300   0   0   0   3,200
Q_Bustos          17 arg 15  1  1  1 52  546  300  300  300   0   0   0     450
A_Castillo        19 col 14  1  1  1 33  995  300  300  300   0   0   0     300
L_Semeraro        19 ita 14  1  1  1 58  967  300  300  300   0   0   0     300
P_vd_Hauwe        18 wal  1 16 12  3 19  300  974  132  622   0   0   0   1,470
Y_Nerlinger       18 ger  1 16 13  3  9  300   73  942  767   2   0   0     780
P_Ricardo         18 mlt  1 15 11  5  7  300  854  775   53   4   0   0     753
V_Thompson        18 nir  1 15 10  6  6  300  260  879  999   0   0   0     739
H_Strachwitz      18 ger  1 15 10  3  6  300  101  257  698   0   0   0     703
Q_Aitor           18 esp  1 14  5  2 21  300  354  139  595   0   0   0     380
I_Stoddart        16 AUS  1 12  1  8 17  300   69  659  123   0   0   0     172
H_Hunter          18 nir  1  4 16 13  9  300  346  100  248   2   0   0   1,540
Ditar             18 bra  1  6 16 14 23  300  958   69  773   2   0   0     841
V_Petrov          18 rus  1 11 15  9 30  300  120  861   32   2   0   0     789
P_Alfonso         17 esp  1  3 14 10 37  300  819  732  890   2   0   0     480
P_McStay          17 sco  1  6 14  6 37  300  969  297  933   0   0   0     433
R_Ball            16 AUS  1  4 12 11  5  300  245  163  123   0   0   0     253
L_Usai            17 ita  1  9  9 15  8  300  890  178  132   0   0   0     750
N_von_Halem       18 ger  1  8  4 15 31  300  440  391   40   0   0   0     414
R_Keane           17 irl  1  2  9 14  9  300  728  459  619   0   0   0     453
H_Lucio           18 bra  1  3 10 14  4  300  389   11  871   0   0   0     462
T_Bezalel         18 isr  1  3  6 14  5  300  404  512   45   0   0   0     277


----------------------------------------------------------------------------------------
Name              Pos Gam Sub  Min Mom Sav Con Cls Ktk Kps Sht Gls Ass            Status
----------------------------------------------------------------------------------------
A_Martin           GK   2   0  191   0   8   2   1   0   0   0   0   0                 -
Q_Bustos           GK  10   0  984   0  53  18   1   0   0   0   0   0                 -
A_Castillo         GK   0   0    0   0   0   0   0   0   0   0   0   0                 -
L_Semeraro         GK   0   0    0   0   0   0   0   0   0   0   0   0                 -
P_vd_Hauwe         DF  12   0 1175   0   0   0   0  10   8   5   0   0                 -
Y_Nerlinger        DF  10   0  956   0   0   0   0  18  14   4   1   0                 -
P_Ricardo          DF  12   0 1175   0   0   0   0  21  12   9   0   1                 -
V_Thompson         DF  11   0 1079   2   0   0   0  17  11   8   0   1                 -
H_Strachwitz       DF   4   2  315   0   0   0   0   4   0   0   0   0                 -
Q_Aitor            DF   0   0    0   0   0   0   0   0   0   0   0   0                 -
I_Stoddart         DF   0   0    0   0   0   0   0   0   0   0   0   0                 -
H_Hunter           MF  12   0 1175   0   0   0   0   1  19  16   2   1                 -
Ditar              MF  12   0 1175   2   0   0   0   3  10  28   6   2                 -
V_Petrov           MF  12   1 1104   0   0   0   0   5  22  12   2   2                 -
P_Alfonso          MF  11   0 1079   0   0   0   0   1  19  11   0   1                 -
P_McStay           MF   1   1   26   0   0   0   0   0   0   0   0   0                 -
R_Ball             MF   0   0    0   0   0   0   0   0   0   0   0   0                 -
L_Usai             FW  12   0 1175   0   0   0   0   4   6  35   2   0                 -
N_von_Halem        FW   0   0    0   0   0   0   0   0   0   0   0   0                 -
R_Keane            FW  12   0 1122   0   0   0   0   1  14  33   3   1                 -
H_Lucio            FW   2   2   53   0   0   0   0   0   0   2   0   0                 -
T_Bezalel          FW   0   0    0   0   0   0   0   0   0   0   0   0                 -
