Name             Age Nat St Tk Ps Sh Ag  KAb  TAb  PAb  SAb  DP Inj Sus    Wage
-------------------------------------------------------------------------------
P_Yesford         28 irl 27  1  1  1 29  546  300  300  300  10   0   0 155,000
P_Schmeichel      23 den 20  1  1  1 32  565  300  300  300   0   0   0   4,900
A_Penverne        29 fra  1 28  1 18 12  300 1577  643  233   0   0   0 236,142
T_Raphael         28 ita  1 25 17 15 47  300  948  620  371   2   0   0 153,816
Raviniho          30 par  1 25 11  6 49  300  887  483   53  12   0   0 123,540
B_Boli            23 fra  1 24 18 14 35  300  518  535  664   6   0   0 105,486
N_Padalino        22 ita  1 21 11 14 14  291  756  124  881   0   0   0  14,540
N_Caputo          24 ita  1 20 16 11 39  300  722  234    7   0   0   0   9,003
D_Buckley         25 eng  1 20 13 10 18  300  204  529   68   0   0   0   8,281
P_Kemp            21 eng  1 19 16 12 11  300   37  682  819   0   0   0   6,088
F_Cutcliffe       24 rou  1 19 18  9 14  300  669  336  313   0   0   0   6,171
Y_Gerlach         21 ger  1 18 14 10 34  300  615  604    5   0   0   0   3,809
N_O'Neill         27 nir  1  7 24 19 36  300  587 1039  538  12   0   0 100,774
M_Remenar         31 eng  1  4 24  8 27  300  216  159  777   0   0   0  75,279
T_Le_Plonk        22 fra  1  8 23 16  9  300  186  397  540   2   0   0  60,338
P_Hicklin         31 mlt  1  7 23 11  9  300  466  739  271   0   0   0  53,060
J_Johnsen         32 eng  1 12 22  4 26  300  195  488  135   0   0   0  28,111
T_Odinson         24 nor  1 17 21 11 23  300  600  569  802   0   0   0  16,175
E_Campbell        23 aus  1  6 20 17 10  300  739  578  504   2   0   0   8,722
W_Limacher        25 fra  1 14 20 12 57  300  944   18  144   0   0   0   8,685
C_Citterio        21 ita  1 13 19  4  7  300  716  686  784   0   0   0   5,119
O_Bismarck        28 ger  1  9 16 26 30  300  582   75  876   0   0   0 193,615
U_Tremaine        31 sui  1  5 12 24  9  300  375  993 1197   0   0   0  84,461
H_Erivaldo        23 bra  1 11  8 20 17  300  179  863  802   0   0   0   7,337
P_Remy            25 fra  1  8  6 20 15  300  184  830  353   0   0   0   6,627
R_Richardson      21 aus  1 15  6 17 37  300  142  374  665   0   0   0   2,211


----------------------------------------------------------------------------------------
Name              Pos Gam Sub  Min Mom Sav Con Cls Ktk Kps Sht Gls Ass            Status
----------------------------------------------------------------------------------------
P_Yesford          GK  16   0 1379   1 102  22   5   0   0   0   0   0                 -
P_Schmeichel       GK   7   2  511   0  33  15   0   0   0   0   0   0                 -
A_Penverne         DF  21   0 1983   0   0   0   0  28   3  20   3   1                 -
T_Raphael          DF  21   0 1983   2   0   0   0  28  21  19   7   1                 -
Raviniho           DF  14   0 1255   1   0   0   0  29   6   2   0   0                 -
B_Boli             DF  20   0 1891   3   0   0   0  33  11  17   2   1                 -
N_Padalino         DF   3   2  226   0   1   2   0   2   0   4   1   0                 -
N_Caputo           DF   1   0   92   0   0   0   0   0   0   0   0   0                 -
D_Buckley          DF   0   0    0   0   0   0   0   0   0   0   0   0                 -
P_Kemp             DF   0   0    0   0   0   0   0   0   0   0   0   0                 -
F_Cutcliffe        DF   3   1  243   0   0   0   0   2   3   0   0   1                 -
Y_Gerlach          DF   0   0    0   0   0   0   0   0   0   0   0   0                 -
N_O'Neill          MF  17   0 1460   0   0   0   0   3  23  20   1   3                 -
M_Remenar          MF   8   0  753   0   0   0   0   0  18   2   0   1                 -
T_Le_Plonk         MF  21   0 1983   2   0   0   0   6  35  27   2   3                 -
P_Hicklin          MF  19   0 1723   2   0   0   0   3  30  14   2   4                 -
J_Johnsen          MF   8   0  724   0   0   0   0   1  20   3   1   3                 -
T_Odinson          MF   9   1  790   0   0   0   0   4  13   3   0   0                 -
E_Campbell         MF  10   1  912   0   0   0   0   2  21  15   2   1                 -
W_Limacher         MF   3   1  235   0   0   0   0   1   1   3   0   0                 -
C_Citterio         MF   5   0  474   0   0   0   0   5   9   0   0   2                 -
O_Bismarck         FW  18   0 1692   0   0   0   0   0  10  43  12   2                 -
U_Tremaine         FW  21   0 1983   4   0   0   0   5  13  75  17   5                 -
H_Erivaldo         FW   5   3  203   0   0   0   0   0   2   2   0   0                 -
P_Remy             FW   0   0    0   0   0   0   0   0   0   0   0   0                 -
R_Richardson       FW   0   0    0   0   0   0   0   0   0   0   0   0                 -
