Name             Age Nat St Tk Ps Sh Ag  KAb  TAb  PAb  SAb  DP Inj Sus    Wage
-------------------------------------------------------------------------------
T_Morello         19 ita 15  1  1  1 40  727  300  300  300  10   0   0     450
O_Schulz          17 ger 14  1  1  1  4  121  300  300  300   0   0   0     300
R_Jonquet         19 fra  1 17 14  5  7  300  792  551  584  10   0   0   2,440
J_Storm           18 mlt  1 16 11  6 14  300  795  327  385   2   0   0   1,490
M_Carrizo         18 arg  1 15 10  5  7  300  739  536  511   2   0   0     727
K_De_Santis       16 ITA  1 12  7  5  4  300  789  379  700   2   0   0     217
D_Rocheteau       19 fra  1  9 18 15  3  300  708  139  381   0   0   0   3,861
M_Pinel           19 fra  1 14 17  6 51  300  309  196  490   6   0   0   2,473
R_Girard          18 fra  1  8 16  4 37  300  638  347  525   4   0   0   1,301
J_Vazquez         19 uru  1  9 16  4 24  300  947  512  197   0   0   0   1,349
L_Muller          19 fra  1  4 15  8 13  300  681  387  546   0   0   0     664
J-M_Guillou       19 fra  1  8 15 13 22  300  174  264  798   0   0   0     840
F_Pedro           17 ESP  1  6 14  4 26  300    0  693  556   0   0   0     416
V_Kelmendi        17 ALB  1  5 14 10 51  300  981  570  877   0   0   0     497
Q_Flavio          20 bra  1  9 14 18 11  300  766  430  928   0   0   0   3,762
O_Rouyer          20 fra  1  6  8 17 36  300  428  745  226  14   0   0   2,054
W_Smith           19 eng  1  3  7 16  7  300  912  420  436   0   0   0   1,231
J_Papageorgiou    18 gre  1  3  9 15  6  300  441  777  704   0   0   0     678
G_Soler           19 fra  1  8 10 15  9  300  552  384  324   0   0   0     763
M_Paris           17 ita  1  7  7 14 25  300  779  793  674   0   0   0     460
Q_Prosperi        17 ITA  1  7  8 14 30  300  966  327  216   0   0   0     478


----------------------------------------------------------------------------------------
Name              Pos Gam Sub  Min Mom Sav Con Cls Ktk Kps Sht Gls Ass            Status
----------------------------------------------------------------------------------------
T_Morello          GK  14   0 1356   0  57  19   5   0   0   0   0   0                 -
O_Schulz           GK   4   1  286   0  18   9   0   0   0   0   0   0                 -
R_Jonquet          DF  16   0 1529   0   0   0   0  18  16  20   1   2                 -
J_Storm            DF  17   0 1642   2   0   0   0  16  14  17   1   2                 -
M_Carrizo          DF  17   0 1642   1   0   0   0  22  16  10   2   0                 -
K_De_Santis        DF   3   0  280   0   0   0   0   6   0   2   0   0                 -
D_Rocheteau        MF  17   0 1557   1   0   0   0  12  28  33   5   2                 -
M_Pinel            MF  17   0 1597   1   0   0   0  24  14  10   0   2                 -
R_Girard           MF  17   0 1642   0   0   0   0   4  24   7   0   2                 -
J_Vazquez          MF  17   0 1642   0   0   0   0   4  26  10   0   1                 -
L_Muller           MF  11   0 1072   0   0   0   0   1  19  12   2   0                 -
J-M_Guillou        MF   1   1   85   0   0   0   0   0   3   0   0   0                 -
F_Pedro            MF   4   0  382   0   0   0   0   1   3   2   0   1                 -
V_Kelmendi         MF   0   0    0   0   0   0   0   0   0   0   0   0                 -
Q_Flavio           FW  17   0 1641   1   0   0   0   6  13  57   7   2                 -
O_Rouyer           FW  12   0 1139   1   0   0   0   2   6  38   6   0                 -
W_Smith            FW   6   1  501   0   0   0   0   1   6  14   1   0                 -
J_Papageorgiou     FW   2   2   45   0   0   0   0   0   0   1   1   0                 -
G_Soler            FW   0   0    0   0   0   0   0   0   0   0   0   0                 -
M_Paris            FW   0   0    0   0   0   0   0   0   0   0   0   0                 -
Q_Prosperi         FW   0   0    0   0   0   0   0   0   0   0   0   0                 -
