Name             Age Nat St Tk Ps Sh Ag  KAb  TAb  PAb  SAb  DP Inj Sus    Wage
-------------------------------------------------------------------------------
L_Whitmer         30 swe 26  1  1  1 12 1650  300  300  300   0   0   0 120,000
K_Leaming         28 ita 21  1  1  1 12  197  300  300  300   0   0   0   8,800
X_Enrique         24 esp 20  1  1  1 30  137  300  300  300   0   0   0   4,900
B_Mittleider      30 ger  1 26  8  5  9  300  471  205  567   0   0   0 154,845
F_Terrell         28 ita  1 25 12  9  3  300  313   74  429   0   0   0 130,674
W_Chinnici        28 sui  1 24 16  7 28  300  410  373  813   0   0   0  94,612
M_Recknor         27 civ  1 23  7 14  8  300  298  764  623   0   0   0  52,121
L_Dimeo           24 ita  1 22 17 13  7  300  524  815  480   4   0   0  34,890
O_Quinn           22 aus  1 20 14  7  4  300  909  395  842   0   0   0   8,195
U_Day             21 eng  1 19 14 11 23  300  709  693   54   0   0   0   5,734
A_Aquino          22 ita  1 19 16 11 34  300  111   41  264   0   0   0   6,020
G_Fossatti        28 arg  1 16 25 10 48  300  337  313  907   8   0   0 143,898
R_Hoeksteen       28 ned  1 17 25  5 33  300  766  104  525   2   0   0 139,896
Moustokio         29 mri  1  8 24 20 20  300  731 1050  553   0   0   0 103,795
J_Guardiola       32 esp  1 20 24  4 12  300  748   50  897   4   0   0  99,929
D_Catalano        24 ita  1 17 20  8 27  300  589  716  164   0   0   0   8,918
B_Trovato         22 ita  1  9 19 14 14  300  910  647  658   0   0   0   5,599
C_Cannigia        30 arg  1  6  7 27  9  300  839  387  733   0   0   0 195,758
J_S_Desole        30 fra  1  3  9 26 22  300  361  246 1250  14   0   0 155,076
Q_Zhou            23 chn  1 17  9 21 32  300  346  392   88   2   0   0  14,330
C_McKay           24 nir  1  6 18 21 21  300  508  565  436   0   0   0  15,693
M_Machado         21 bra  1  6 13 19 12  300  309   90  740   0   0   0   5,253
D_Kotev           21 bul  1 11  9 18 22  300  522  926  666   0   0   0   3,359


----------------------------------------------------------------------------------------
Name              Pos Gam Sub  Min Mom Sav Con Cls Ktk Kps Sht Gls Ass            Status
----------------------------------------------------------------------------------------
L_Whitmer          GK  22   0 2121   0 110  17  12   0   0   0   0   0                 -
K_Leaming          GK   0   0    0   0   0   0   0   0   0   0   0   0                 -
X_Enrique          GK   0   0    0   0   0   0   0   0   0   0   0   0                 -
B_Mittleider       DF  22   0 1965   2   0   0   0  34   5   6   0   0                 -
F_Terrell          DF  20   0 1701   2   0   0   0  18   5  14   5   1                 -
W_Chinnici         DF  22   0 2073   2   0   0   0  23  21  12   2   4                 -
M_Recknor          DF  18  13  796   0   0   0   0  12   3   7   1   0                 -
L_Dimeo            DF  20   0 1824   1   0   0   0  18  14  15   0   4                 -
O_Quinn            DF   3   3  100   0   0   0   0   3   1   0   0   0                 -
U_Day              DF   6   6  120   0   0   0   0   1   0   1   0   0                 -
A_Aquino           DF   0   0    0   0   0   0   0   0   0   0   0   0                 -
G_Fossatti         MF  18   0 1541   1   0   0   0   9  22   7   0   2                 -
R_Hoeksteen        MF  20   0 1760   1   0   0   0   5  36   6   0   5                 -
Moustokio          MF  22   0 2026   2   0   0   0   4  44  29   7   7                 -
J_Guardiola        MF  21   0 1967   1   0   0   0  16  38   7   1   6                 -
D_Catalano         MF   4   4   99   0   0   0   0   2   1   0   0   0                 -
B_Trovato          MF   3   3   55   0   0   0   0   0   2   0   0   1                 -
C_Cannigia         FW  19   2 1670   3   0   0   0   3   4  63  16   0                 -
J_S_Desole         FW  21   1 1778   1   0   0   0   1   9  54  12   0                 -
Q_Zhou             FW  16  13  485   0   0   0   0   2   4  11   1   1                 -
C_McKay            FW  12   6  638   0   0   0   0   1   6  15   1   1                 -
M_Machado          FW   2   1   84   0   0   0   0   0   1   1   0   0                 -
D_Kotev            FW   0   0    0   0   0   0   0   0   0   0   0   0                 -
