Name             Age Nat St Tk Ps Sh Ag  KAb  TAb  PAb  SAb  DP Inj Sus    Wage
-------------------------------------------------------------------------------
F_Barthez         25 fra 26  1  1  1 14 1098  300  300  300   0   0   0 120,000
P_Pumpernickel    21 ger 23  1  1  1 18   63  300  300  300   0   0   0  36,000
K_Burgiousop      24 cyp 19  1  1  1  9  874  300  300  300   0   0   0   3,200
H_Doron           30 bel  1 27  8 17  8  300   87  986  596   0   0   0 225,897
J_Fernando        27 esp  1 26  8  9 14  300  156  106  170   2   0   0 162,230
B_Serafini        24 ita  1 22 20  4 33  300  430  450  693   0   0   0  33,983
O_Chop            25 chn  1 22 16 10 20  300  514  215  850   0   0   0  33,120
S_Tipaldi         21 ita  1 21 17 12 13  300  386  941  135   0   0   0  16,342
A_Salinas         22 esp  1 21  7 13 10  300  139  628  733   0   0   0  12,948
M_Bossis          18 fra  1 17  9  5 25  300  225  743  179   4   0   0   2,091
C_P_Dougie        30 sco  1 14 26  8 12  300  312 1658  111  20   0   0 183,922
E_McCaulder       25 sco  1 17 24  7 35  300  532   56   14   4   0   0  96,666
B_Galindo         26 ita  1  8 24  9  4  300  782  511  112   2   0   0  81,199
P_Klimovich       23 blr  1  7 21 13 12  300  202  643  806   0   0   0  14,079
A_Asanovic        25 cro  1 12 21 16 36  300  734  726  136   0   0   0  15,985
T_Stewart         19 sco  1  8 18 12 38  300  706  720  342   0   0   0   3,516
T_Ngcobo          21 wal  1 13 18  7  4  300  645  420  888   0   0   0   3,570
L_Burrows         31 usa  1 16 22 27 18  300  568  341  648   2   0   0 291,916
B_Maduna          29 rsa  1 12 18 26 25  300   84  681 1083   4   0   0 206,999
C_Dugarry         25 fra  1 17 13 22 19  300  333  903   96   0   0   0  33,336
M_Bergevain       27 fra  1 12  7 21  3  300  162  238  118   0   0   0  12,780


----------------------------------------------------------------------------------------
Name              Pos Gam Sub  Min Mom Sav Con Cls Ktk Kps Sht Gls Ass            Status
----------------------------------------------------------------------------------------
F_Barthez          GK  21   0 1899   2 124  24   6   0   0   0   0   0                 -
P_Pumpernickel     GK   2   2  101   0   6   2   0   0   0   0   0   0                 -
K_Burgiousop       GK   0   0    0   0   0   0   0   0   0   0   0   0                 -
H_Doron            DF  16   1 1370   0   0   0   0  15   5  16   1   0                 -
J_Fernando         DF  21   0 1969   1   0   0   0  34  12  13   3   2                 -
B_Serafini         DF  11   8  632   0   0   0   0   7   5   4   0   0                 -
O_Chop             DF   0   0    0   0   0   0   0   0   0   0   0   0                 -
S_Tipaldi          DF   8   0  728   0   0   0   0   3   9   3   0   1                 -
A_Salinas          DF   0   0    0   0   0   0   0   0   0   0   0   0                 -
M_Bossis           DF  21   0 1891   2   0   0   0  36  12   9   0   2                 -
C_P_Dougie         MF  18   0 1600   1   0   0   0   2  37   9   0   3                 -
E_McCaulder        MF  18   7 1241   0   0   0   0   6  27   4   0   2                 -
B_Galindo          MF  21   0 1889   1   0   0   0   3  36  11   1   4                 -
P_Klimovich        MF   0   0    0   0   0   0   0   0   0   0   0   0                 -
A_Asanovic         MF   0   0    0   0   0   0   0   0   0   0   0   0                 -
T_Stewart          MF  21   0 1958   1   0   0   0   9  32  30   7   5                 -
T_Ngcobo           MF   0   0    0   0   0   0   0   0   0   0   0   0                 -
L_Burrows          FW  21   0 1971   2   0   0   0  11  18  68  10   2                 -
B_Maduna           FW  12   0 1148   1   0   0   0   4   4  36   6   0                 -
C_Dugarry          FW  12   2  894   0   0   0   0   5   4  15   2   0                 -
M_Bergevain        FW   7   1  542   0   0   0   0   2   1   9   0   0                 -
