Name             Age Nat St Tk Ps Sh Ag  KAb  TAb  PAb  SAb  DP Inj Sus    Wage
-------------------------------------------------------------------------------
X_Jesus           19 esp 15  1  1  1  3   94  300  300  300   0   0   0     300
C_Luque           17 arg 12  1  1  1 28  977  300  300  300   0   0   0     140
Junior            19 bra  1 17  7  5 23  300   62  924   60   2   0   0   1,276
H_Montagnani      19 esp  1 16  6  8 12  300  196  463  308   0   0   0   1,296
F_Brescia         18 ita  1 15  3 10  9  300  145  216  394   0   1   0     609
U_Casagrande      20 ita  1 15  7  5 14  300  791  219  382   0   0   0     651
X_Queiroz         19 bra  1 14  5  7 10  300  614  611  874   0   0   0     423
J_Charlton        16 eng  1 13  5  8  5  300  874  223  183   0   0   0     295
B_Fedorov         17 UKR  1 13 13 13 18  300  678   65  176   2   1   0     416
S_Francisco       20 bra  1  3 18  6  6  300  197  138  287   0   0   0   2,688
X_Alberto         20 esp  1  5 17 10 23  300  937  503  206   0   0   0   2,161
B_Bremner         18 sco  1  5 15  8 23  300  745  248  761   4   0   0     676
K_Nunez           18 arg  1  7 14  6  6  300  782  678   38   4   0   0     451
A_Josimar         17 bra  1  7 13  8 66  300  498  779  826   4   0   0     327
H_Ayala           17 ecu  1  6 13  9  3  300  170  593  762   0   0   0     334
F_Orsi            20 ita  1  8  6 17  3  300  949  910  348   0   0   0   1,980
F_Castro          20 hon  1  4  8 16 32  300  620  708   58   0   0   0     664
P_Lorimer         17 sco  1  5  8 13  6  300  316  265  974   0   0   0     315


----------------------------------------------------------------------------------------
Name              Pos Gam Sub  Min Mom Sav Con Cls Ktk Kps Sht Gls Ass            Status
----------------------------------------------------------------------------------------
X_Jesus            GK  12   0 1082   0  55  17   2   0   0   0   0   0                 -
C_Luque            GK   2   2   68   0   1   0   0   0   0   0   0   0                 -
Junior             DF  12   0 1150   3   0   0   0  19   9   5   0   0                 -
H_Montagnani       DF  12   0 1150   0   0   0   0  12   8  12   2   0                 -
F_Brescia          DF  12   0 1011   0   0   0   0  10   1   9   0   0                 -
U_Casagrande       DF   0   0    0   0   0   0   0   0   0   0   0   0                 -
X_Queiroz          DF   6   6  217   0   0   0   0   3   1   2   0   0                 -
J_Charlton         DF  12   0 1063   0   0   0   0  18   4  14   4   0                 -
B_Fedorov          MF   6   0  565   0   0   0   0   1   7   5   0   2                 -
S_Francisco        MF  12   0 1150   1   0   0   0   2  10  14   2   0                 -
X_Alberto          MF   9   1  678   0   0   0   0   1  12   7   0   0                 -
B_Bremner          MF  12   0 1150   1   0   0   0   2  31   9   2   2                 -
K_Nunez            MF  12   0 1150   0   0   0   0   5  18   8   2   0                 -
A_Josimar          MF   9   4  569   1   0   0   0   2  12  11   0   3                 -
H_Ayala            MF   3   3   35   0   0   0   0   0   0   0   0   0                 -
F_Orsi             FW   5   0  397   0   0   0   0   3   1  11   0   0                 -
F_Castro           FW   3   3  157   0   0   0   0   0   0   3   0   0                 -
P_Lorimer          FW  12   0 1058   0   0   0   0   4   4  21   0   1                 -
