Name             Age Nat St Tk Ps Sh Ag  KAb  TAb  PAb  SAb  DP Inj Sus    Wage
-------------------------------------------------------------------------------
F_Ferrari         22 ita 26  1  1  1  3 1161  300  300  300   0   0   0 120,000
D_Spink           27 eng 24  1  1  1 69  522  300  300  300   0   0   0  58,000
C_Tomasi          24 mlt 23  1  1  1  3  762  300  300  300   0   0   0  36,000
Z_Kuplious        24 mlt  1 26 14 10 10  300 1635  780  584   0   0   0 187,614
V_Slorach         30 fra  1 26 19  6 24  300  850  692  361   0   0   0 199,845
S_Hyypia          24 fin  1 24 18  9 30  300    0   39  698   0   0   0 100,653
A_Sherwood        24 wal  1 24 17 12 42  300   69  258   68   0   0   0 101,499
S_Bear            28 sco  1 24 15  7 13  300  412  482  570   0   0   0  92,558
S_Newnett         32 pol  1 24 15  6 20  300  239  434  416   0   0   0  91,591
C_MaGaw           28 mlt  1 23  7 18 24  300  503  747  798   0   0   0  54,625
B_Arnold          31 sco  1 23  4 13 41  300  244  895   37   0   0   0  47,504
E_Lynch           28 nir  1 22 14  9  3  300  759   87  210   0   0   0  31,306
Robbo             33 bra  1 22 16  6 32  300  188  117  664   0   0   0  31,738
I_Rettman         29 aut  1 21 10 14 29  300  617  260  188   0   0   0  14,184
I_Roprini         20 cyp  1 20 14  7 35  300  421  724  705   0   0   0   8,195
M_Tidman          27 mlt  1  8 26 19 33  300  188 1673  871   0   0   0 203,538
J_Hird            29 aus  1  5 26 22 65  300   54 1216  416   0   0   0 209,768
P_Penguini        29 ger  1 18 26  9 62  300   85 1720  747   0   0   0 201,461
Q_Chammomile      28 sui  1 14 25  7  6  300  905  141  774   0   0   0 133,805
P_Vieira          21 fra  1 15 22  9 63  300  790   11  194   0   0   0  32,040
A_Lombardo        26 ita  1 13 22 10 29  300  481  785  420   0   0   0  30,918
M_O'Neill         28 irl  1 12 22 10 18  300  375  408  271   0   0   0  30,184
D_Ale             21 arg  1 15 21  8 11  300  904  718  929   0   0   0  14,959
H_Salsbury        29 nir  1 11 21 10 44  300  895  431  267   0   0   0  13,869
U_Donnelly        26 nir  1 15 20  5 12  300  960  947  360   0   0   0   8,207
I_Minamoto        20 jpn  1 15 19  9 17  300  327  341  598   0   0   0   5,742
S_Wiltord         22 fra  1 12 18 25 39  300  713  505 1272   0   0   0 152,598
P_Pingu           22 ger  1 12 18 25 25  300  706  395 1387   0   0   0 152,598
I_Tarantino       29 cyp  1 12 15 24 18  300  663  667 1076   0   0   0  97,391
M_Sanchez         27 usa  1 12 13 21 15  300  257  576  441   0   0   0  14,917


----------------------------------------------------------------------------------------
Name              Pos Gam Sub  Min Mom Sav Con Cls Ktk Kps Sht Gls Ass            Status
----------------------------------------------------------------------------------------
F_Ferrari          GK   0   0    0   0   0   0   0   0   0   0   0   0                 -
D_Spink            GK   0   0    0   0   0   0   0   0   0   0   0   0                 -
C_Tomasi           GK   0   0    0   0   0   0   0   0   0   0   0   0                 -
Z_Kuplious         DF   0   0    0   0   0   0   0   0   0   0   0   0                 -
V_Slorach          DF   0   0    0   0   0   0   0   0   0   0   0   0                 -
S_Hyypia           DF   0   0    0   0   0   0   0   0   0   0   0   0                 -
A_Sherwood         DF   0   0    0   0   0   0   0   0   0   0   0   0      On_Loan(bgr)
S_Bear             DF   0   0    0   0   0   0   0   0   0   0   0   0                 -
S_Newnett          DF   0   0    0   0   0   0   0   0   0   0   0   0                 -
C_MaGaw            DF   0   0    0   0   0   0   0   0   0   0   0   0                 -
B_Arnold           DF   0   0    0   0   0   0   0   0   0   0   0   0                 -
E_Lynch            DF   0   0    0   0   0   0   0   0   0   0   0   0                 -
Robbo              DF   0   0    0   0   0   0   0   0   0   0   0   0                 -
I_Rettman          DF   0   0    0   0   0   0   0   0   0   0   0   0                 -
I_Roprini          DF   0   0    0   0   0   0   0   0   0   0   0   0                 -
M_Tidman           MF   0   0    0   0   0   0   0   0   0   0   0   0                 -
J_Hird             MF   0   0    0   0   0   0   0   0   0   0   0   0                 -
P_Penguini         MF   0   0    0   0   0   0   0   0   0   0   0   0                 -
Q_Chammomile       MF   0   0    0   0   0   0   0   0   0   0   0   0                 -
P_Vieira           MF   0   0    0   0   0   0   0   0   0   0   0   0                 -
A_Lombardo         MF   0   0    0   0   0   0   0   0   0   0   0   0                 -
M_O'Neill          MF   0   0    0   0   0   0   0   0   0   0   0   0                 -
D_Ale              MF   0   0    0   0   0   0   0   0   0   0   0   0                 -
H_Salsbury         MF   0   0    0   0   0   0   0   0   0   0   0   0                 -
U_Donnelly         MF   0   0    0   0   0   0   0   0   0   0   0   0                 -
I_Minamoto         MF   0   0    0   0   0   0   0   0   0   0   0   0                 -
S_Wiltord          FW   0   0    0   0   0   0   0   0   0   0   0   0                 -
P_Pingu            FW   0   0    0   0   0   0   0   0   0   0   0   0                 -
I_Tarantino        FW   0   0    0   0   0   0   0   0   0   0   0   0                 -
M_Sanchez          FW   0   0    0   0   0   0   0   0   0   0   0   0                 -
