Name             Age Nat St Tk Ps Sh Ag  KAb  TAb  PAb  SAb  DP Inj Sus    Wage
-------------------------------------------------------------------------------
G_Antonio         18 ESP 16  1  1  1  3  113  300  300  300   0   0   0     TBC
F_Pablo           19 esp 15  1  1  1  5  430  300  300  300   0   0   0     450
O_Seidel          19 ger 12  1  1  1 13  612  300  300  300   0   0   0     140
O_Carlos          21 esp  1 17 10  7 59  300  735  759  512  20   0   2   2,227
Y_Franco          19 ita  1 16  8 12 13  300  820  798  960  10   0   0   1,481
I_Alvarez         19 ita  1 16  6  3 48  300   95  181  996  14   0   0     601
T_Wood            20 aus  1 16  6  5 33  300  423   59  384  14   0   0   1,181
X_Notari          20 ita  1 16  6 12 23  300    7   14   45   0   0   0     672
K_Hoffmann        18 GER  1 14  4  4 20  300  572  361  800   0   0   0     TBC
F_Mickael         19 fra  1 14  8  8 32  300  751  784   86   0   0   0     478
W_Gustavo         18 bra  1 13  4  6 40  300  704  761  601   0   0   0     269
X_Verstraeten     20 bel  1 11 17  9 27  300  420  562   14   0   0   0   2,330
K_Nunez           19 arg  1  7 16  5  9  300  492  888  316   2   0   0   1,276
V_Tihy            17 fra  1  4 14  5 55  300  127  490  672  16   0   0     397
H_Flynn           18 eng  1  2 14  4 28  300  758  613  193   4   0   0     362
V_De_Luca         17 ita  1  5 13  6 38  300  308  809  485   2   0   0     289
S_Cinelli         18 ita  1  5 13  9 22  300   35  929  715   0   0   0     322
H_Duran           17 uru  1  6 12 10 16  300  958  723  976   0   0   0     252
H_Hunt            21 aus  1  6  9 17  3  300  321  874  195   0   0   0   2,124
X_Cioni           21 ita  1 11  6 16  6  300  863  510  876   0   0   0   1,364
L_Duverne         19 fra  1 13  5 15 48  300   44  224  956   0   0   0     684
P_Lucas           20 fra  1 10  9 15 29  300  114  545  488   0   0   0     750
U_Johnston        17 AUS  1  9  6 14 11  300  263  883   27   0   0   0     TBC
P_Taylor          18 ENG  1  7  9 14 12  300  333  639  996   0   0   0     TBC


----------------------------------------------------------------------------------------
Name              Pos Gam Sub  Min Mom Sav Con Cls Ktk Kps Sht Gls Ass            Status
----------------------------------------------------------------------------------------
G_Antonio          GK   1   0   93   0   4   0   1   0   0   0   0   0                 -
F_Pablo            GK  25   0 2372   0 128  49   1   0   0   0   0   0                 -
O_Seidel           GK   0   0    0   0   0   0   0   0   0   0   0   0                 -
O_Carlos           DF  19   0 1691   1   0   0   0  17  14   9   2   0                 -
Y_Franco           DF  20   0 1751   1   0   0   0  22  11  18   1   1                 -
I_Alvarez          DF  23   0 2125   2   0   0   0  30  10   4   2   1                 -
T_Wood             DF  24   0 2230   0   0   0   0  30   8  18   2   0                 -
X_Notari           DF  22   2 1996   1   0   0   0  22   4  14   4   0                 -
K_Hoffmann         DF   1   0   93   0   0   0   0   0   0   0   0   0                 -
F_Mickael          DF   7   2  584   1   0   0   0  11   2   7   1   0                 -
W_Gustavo          DF   4   0  376   0   0   0   0   2   0   2   0   0                 -
X_Verstraeten      MF  21   0 1873   0   0   0   0   9  32  16   2   1                 -
K_Nunez            MF  26   0 2436   1   0   0   0   5  63  13   2   7                 -
V_Tihy             MF  24   0 2220   0   0   0   0   3  37  15   2   4                 -
H_Flynn            MF  19   2 1697   1   0   0   0   1  27   6   0   3                 -
V_De_Luca          MF   7   1  619   1   0   0   0   1   9   1   0   2                 -
S_Cinelli          MF   3   1  202   0   0   0   0   2   0   3   0   0                 -
H_Duran            MF   0   0    0   0   0   0   0   0   0   0   0   0                 -
H_Hunt             FW  26   1 2397   0   0   0   0   7  12  48   2   3                 -
X_Cioni            FW  19   0 1720   0   0   0   0  12   7  42   4   1                 -
L_Duverne          FW   5   1  441   0   0   0   0   1   1  14   4   0                 -
P_Lucas            FW   0   0    0   0   0   0   0   0   0   0   0   0                 -
U_Johnston         FW   0   0    0   0   0   0   0   0   0   0   0   0                 -
P_Taylor           FW   0   0    0   0   0   0   0   0   0   0   0   0                 -
