Name             Age Nat St Tk Ps Sh Ag  KAb  TAb  PAb  SAb  DP Inj Sus    Wage
-------------------------------------------------------------------------------
J_Parry           17 wal 16  1  1  1  3  919  300  300  300   0   0   0     900
T_Walker          18 grn 16  1  1  1  3   19  300  300  300   0   0   0     900
B_Antonioli       20 ita  1 19 13 11 15  300  844  496  440  12   0   0   5,590
W_Antonio         20 esp  1 19 10  7 34  300  672  110  325   2   0   0   4,892
H_Rodrigo         17 bra  1 15  5  5 21  300  161  905   60   0   0   0     600
P_Milani          19 ita  1 15 10  8 18  300  385  982  544   0   0   0     763
D_Rudder          16 jam  1 14  6  8 31  300  279  518  408   4   0   0     451
J_Nico            18 fra  1 14  6  3  3  300  386  962  310   0   0   0     408
L_Chavez          20 bol  1  4 18 11  7  300  447  678   26   0   0   0   3,231
J_Hoffmann        20 ger  1  7 16 10  5  300  684  674  791   0   0   0   1,465
W_Holden          20 eng  1 10 16  6  5  300  141   16  693   0   0   0   1,442
V_Laurent         17 fra  1  8 15  6 19  300  138  384  434   2   0   0     688
K_Fujimaru        17 jpn  1  5 14 11 73  300  282  851  194   4   0   0     516
E_Martin          17 wal  1  7 14  4  3  300  489  621   93   0   0   0     434
A_Goalman         19 jam  1  5 10 18 18  300  340   16  899   0   0   0   3,178
R_Martino         20 por  1  5  8 17 16  300  988  312  117   0   0   0   2,021
Q_Carlos          18 esp  1  7 10 14 14  300  760  440  600   0   0   0     514
E_Taylor          16 jam  1  3 10 13  3  300  351  638  933   0   0   0     329
X_Wood            16 aus  1  4  8 13  4  300  149  547  884   2   0   0     309


----------------------------------------------------------------------------------------
Name              Pos Gam Sub  Min Mom Sav Con Cls Ktk Kps Sht Gls Ass            Status
----------------------------------------------------------------------------------------
J_Parry            GK  18   0 1740   1  77  19   5   0   0   0   0   0                 -
T_Walker           GK   0   0    0   0   0   0   0   0   0   0   0   0                 -
B_Antonioli        DF  16   0 1502   2   0   0   0  11  18  21   2   1                 -
W_Antonio          DF  18   0 1740   3   0   0   0  33  13   9   1   0                 -
H_Rodrigo          DF  18   0 1687   0   0   0   0  23   5   5   1   1                 -
P_Milani           DF   1   1   29   0   0   0   0   0   1   0   0   0                 -
D_Rudder           DF  18   0 1740   3   0   0   0  34   8  11   2   1                 -
J_Nico             DF   1   1   18   0   0   0   0   1   0   0   0   0                 -
L_Chavez           MF  18   0 1674   1   0   0   0   3  32  14   1   5                 -
J_Hoffmann         MF   1   1   43   0   0   0   0   1   1   0   0   0                 -
W_Holden           MF   4   4   91   0   0   0   0   1   0   0   0   0                 -
V_Laurent          MF  18   0 1740   1   0   0   0   9  34   6   0   3                 -
K_Fujimaru         MF  17   0 1439   0   0   0   0   3  18  20   2   2                 -
E_Martin           MF  10   3  707   0   0   0   0   2   9   2   0   1                 -
A_Goalman          FW   3   0  286   0   0   0   0   1   1   7   2   0                 -
R_Martino          FW   2   2   90   0   0   0   0   0   0   2   1   0                 -
Q_Carlos           FW   3   1  186   0   0   0   0   0   1   5   0   0                 -
E_Taylor           FW  16   0 1490   0   0   0   0   0   7  37   4   1                 -
X_Wood             FW  11   0  800   0   0   0   0   2   5  16   4   0                 -
