Name             Age Nat St Tk Ps Sh Ag  KAb  TAb  PAb  SAb  DP Inj Sus    Wage
-------------------------------------------------------------------------------
K_Merlo           27 arg 23  1  1  1 21  143  300  300  300   0   0   0  36,000
H_Cook            23 eng 22  1  1  1 40  443  300  300  300   2   0   0  19,000
I_Macura          21 aus 20  1  1  1 19  147  300  300  300   0   0   0   4,900
L_Donic           30 cro  1 25  5  9 45  300 1046  433  363   0   0   0 109,968
B_Antonioli       21 ita  1 21 14 12 15  300  513  452   20   0   0   0  15,106
P_Ball            21 eng  1 21 15 12 54  300  145  890  274   4   0   0   8,893
Q_Gieberlin       32 bel  1 21 14  4 26  300  391  785  943   2   0   0  13,932
B_Croce           23 ita  1 20  8 13 10  300  142  596  422   0   0   0   7,533
Y_Weber           24 fra  1 20 13  8 47  300  893  139  565   4   0   0   8,085
P_Booco           27 par  1 20  5  9 18  300  798  275  628   0   0   0   6,517
J_Barbier         21 fra  1 19  8 13  7  300  316  351  672   0   0   0   5,010
L_Young           24 eng  1 19 14  8 38  300   41  620  768   0   0   0   5,532
X_Sergio          21 esp  1 18  8 13  3  300   90  149  667   0   0   0   2,285
K_McDonald        23 eng  1 18  8 12 63  300  425  125  399   0   0   0   3,307
E_Sebastien       21 fra  1 17 15 10  3  300  347  405   42   0   0   0   2,643
K_Montes          27 par  1  8 22 16 47  300  531  613   45   2   0   0  32,429
Q_Fortune         25 rsa  1  3 21  2 18  300  274   63  514   2   0   0   9,679
M_McSorley        29 can  1 15 21  5 52  300  184  841  495  10   0   0  14,456
Q_Fabio           22 por  1  8 20 13 18  300  625  293  869   0   0   0   8,085
A_Jorge           26 esp  1 15 20  9 11  300  737  860   89   0   0   0   8,599
W_Felipe          22 esp  1  3 19  8  9  300  649  482  791   0   0   0   4,336
H_Martinez        22 col  1  8 19 13 13  300  726  293  763   0   0   0   5,388
B_Wynne           25 wal  1 12 19  8 31  300  400  631  392   0   0   0   5,245
K_Atheryious      23 cyp  1 16 14 24 65  300  855  221  114   4   0   0  99,204
E_Giaccone        27 ita  1  6 11 23 10  300  278  767  870   0   0   0  52,434
P_Clymer          29 jam  1  7  5 21  5  300  710  457  274   0   0   0  11,229
Q_Pircher         24 aut  1 10  7 20  5  300   56  447  283   0   0   0   7,031
Y_Johnson         22 nzl  1 14  9 19 39  300  385  251  665   0   0   0   5,220
G_Abou            25 cmr  1 11  8 19  3  300  883  195  558   2   0   0   4,875


----------------------------------------------------------------------------------------
Name              Pos Gam Sub  Min Mom Sav Con Cls Ktk Kps Sht Gls Ass            Status
----------------------------------------------------------------------------------------
K_Merlo            GK  11   1  969   0  56  19   2   0   0   0   0   0                 -
H_Cook             GK   5   0  448   0  24  14   1   0   0   0   0   0                 -
I_Macura           GK   0   0    0   0   0   0   0   0   0   0   0   0                 -
L_Donic            DF  15   0 1333   0   0   0   0  20   3   4   0   0                 -
B_Antonioli        DF  15   0 1375   0   0   0   0  18   8   7   1   0      On_Loan(rbw)
P_Ball             DF   9   0  804   0   0   0   0   9   7   8   0   2      On_Loan(rbw)
Q_Gieberlin        DF  15   0 1288   0   0   0   0  10   9   4   0   0                 -
B_Croce            DF  10   9  435   0   0   0   0   5   0   2   0   0                 -
Y_Weber            DF   6   1  433   0   0   0   0   1   3   2   0   0                 -
P_Booco            DF   0   0    0   0   0   0   0   0   0   0   0   0                 -
J_Barbier          DF   0   0    0   0   0   0   0   0   0   0   0   0                 -
L_Young            DF   0   0    0   0   0   0   0   0   0   0   0   0                 -
X_Sergio           DF   0   0    0   0   0   0   0   0   0   0   0   0                 -
K_McDonald         DF   0   0    0   0   0   0   0   0   0   0   0   0                 -
E_Sebastien        DF   0   0    0   0   0   0   0   0   0   0   0   0                 -
K_Montes           MF  15   0 1156   0   0   0   0   4  14  11   0   1                 -
Q_Fortune          MF   8   0  753   0   0   0   0   0   8   3   0   0                 -
M_McSorley         MF   9   0  735   1   0   0   0   4  15   1   0   1                 -
Q_Fabio            MF  12   0  905   0   0   0   0   5  13   5   1   0                 -
A_Jorge            MF  14   1 1297   0   0   0   0   4  23   6   1   0                 -
W_Felipe           MF   7   7  261   0   0   0   0   0   6   0   0   0                 -
H_Martinez         MF   3   0  287   0   0   0   0   0   6   2   0   0                 -
B_Wynne            MF   0   0    0   0   0   0   0   0   0   0   0   0                 -
K_Atheryious       FW  10   0  945   0   0   0   0   8   2  17   1   0                 -
E_Giaccone         FW  11   0  998   1   0   0   0   6   5  27   2   0                 -
P_Clymer           FW  10   1  891   1   0   0   0   3   2  24   2   0                 -
Q_Pircher          FW   0   0    0   0   0   0   0   0   0   0   0   0                 -
Y_Johnson          FW   0   0    0   0   0   0   0   0   0   0   0   0                 -
G_Abou             FW   7   7  226   0   0   0   0   3   1   5   0   0                 -
