Name             Age Nat St Tk Ps Sh Ag  KAb  TAb  PAb  SAb  DP Inj Sus    Wage
-------------------------------------------------------------------------------
J_Mowlik          19 usa 18  1  1  1  6   17  300  300  300   0   2   0   1,400
U_Skinner         20 eng 16  1  1  1  6  514  300  300  300   0   0   0     900
N_Papa            18 ITA 14  1  1  1  3  511  300  300  300   0   0   0     300
P_Russell         20 usa  1 18  9  6 38  300  850  771  727   2   0   0   3,126
T_Brown           20 eng  1 16 13  7 22  300  313  183  753   2   0   0   1,608
P_Corti           19 arg  1 15 10  7 10  300  767  510  283   2   0   0     751
C_Manu            19 esp  1 15  9  7 44  300  384  322  935  14   0   0     726
J_Moretto         19 ita  1 15  3  8 45  300  127  522  971   0   0   0     585
C_Fuentes         20 arg  1 15  4  7  8  300  888  898  977   0   0   0     598
C_Velazquez       19 arg  1 14  7  8 10  300  603   63  926   0   0   0     469
Q_Muratore        19 ita  1 14  5  9 33  300  367  366  178   0   0   0     440
J_Clayton         17 bra  1 13  5  6 11  300  992  327  446   0   0   0     282
L_Angel           19 esp  1 10 16  7 23  300  902  730  838   2   0   0   1,465
Y_Nico            19 fra  1  5 15  8 29  300  635  842  791  14   0   0     676
Y_Martin          19 wal  1  8 15 10  3  300  773  640  521   2   0   0     763
J_Francis         18 AUS  1 10 14  8 14  300  732  634  150   0   0   0     523
G_Bergner         18 ger  1  6 14  5 10  300  425  226  489   0   0   0     425
Q_Pereyra         18 arg  1  4 13 13 32  300  129  638  284   0   0   0     374
I_Olesen          18 den  1  7 13  8 53  300  168  468  987   0   0   0     327
Leopoldo          19 bol  1  8  6 16 48  300  178  781  179   4   0   0   1,296
N_Valencia        20 col  1 13 10 16  4  300  955  673  766   2   5   0   1,600
F_Martorello      18 mlt  1  9 11 15 39  300  164  292  842  10   0   0     801
H_Bertolucci      18 ita  1  6  7 14  3  300  838  106  616   0   0   0     451
X_Karasev         17 BLR  1 10  5 13  9  300  438  915  736   0   0   0     307
O_Okeke           16 NGA  1  3  6 12 16  300  227  451  608   0   0   0     198


----------------------------------------------------------------------------------------
Name              Pos Gam Sub  Min Mom Sav Con Cls Ktk Kps Sht Gls Ass            Status
----------------------------------------------------------------------------------------
J_Mowlik           GK  17   0 1600   0  89  22   4   0   0   0   0   0                 -
U_Skinner          GK   3   1  213   0  15   3   0   0   0   0   0   0                 -
N_Papa             GK   0   0    0   0   0   0   0   0   0   0   0   0                 -
P_Russell          DF  19   0 1554   1   0   0   0  16   8   8   0   0                 -
T_Brown            DF  19   0 1727   0   0   0   0  14  18  14   1   0                 -
P_Corti            DF  19   0 1771   3   0   0   0  22  13  16   3   1                 -
C_Manu             DF  10   0  886   0   0   0   0   5   4   9   0   0                 -
J_Moretto          DF  10  10  428   0   0   0   0   4   3   3   1   0                 -
C_Fuentes          DF   9   0  863   1   0   0   0  10   1   8   2   0                 -
C_Velazquez        DF   0   0    0   0   0   0   0   0   0   0   0   0                 -
Q_Muratore         DF   0   0    0   0   0   0   0   0   0   0   0   0                 -
J_Clayton          DF   0   0    0   0   0   0   0   0   0   0   0   0                 -
L_Angel            MF  18   0 1653   1   0   0   0  17  19  12   2   3                 -
Y_Nico             MF  18   0 1311   0   0   0   0   6  25   9   0   4                 -
Y_Martin           MF  19   0 1813   1   0   0   0   4  25  19   2   3                 -
J_Francis          MF  14   9  831   0   0   0   0   1  18   3   1   1                 -
G_Bergner          MF  15   0 1091   2   0   0   0   3  19   6   2   2                 -
Q_Pereyra          MF   2   1  189   0   0   0   0   0   3   1   1   0                 -
I_Olesen           MF   0   0    0   0   0   0   0   0   0   0   0   0                 -
Leopoldo           FW  15   0 1335   0   0   0   0   5   1  26   3   0                 -
N_Valencia         FW  18   1 1704   1   0   0   0  11  16  35   6   2                 -
F_Martorello       FW  13   7  756   2   0   0   0   6  11  21   4   2                 -
H_Bertolucci       FW   0   0    0   0   0   0   0   0   0   0   0   0                 -
X_Karasev          FW   3   3   99   0   0   0   0   0   1   2   0   0                 -
O_Okeke            FW   0   0    0   0   0   0   0   0   0   0   0   0                 -
