Name             Age Nat St Tk Ps Sh Ag  KAb  TAb  PAb  SAb  DP Inj Sus    Wage
-------------------------------------------------------------------------------
C_Douglas         22 eng 26  1  1  1 11  684  300  300  300   2   0   0 120,000
T_Marras          24 ita 22  1  1  1 53  123  300  300  300   0   0   0  19,000
P_Navarra         23 ita 20  1  1  1  4  482  300  300  300   0   0   0   4,900
M_Helio           23 bra  1 23  7  8  6  300  433  728  608   0   0   0  48,364
De_Passa          31 esp  1 23 15  5 32  300  255  552  553   2   0   0  57,130
B_Andrews         21 eng  1 21 15 13 59  300  606  708   43   6   0   0  15,797
R_McCurley        28 swe  1 21 14 11 41  300  307   10   48   0   0   0  15,106
L_Graham          21 sco  1 20  8 12  4  300  891  310  780   0   0   0   7,435
L_Rodriguez       21 arg  1 19  7  9 10  300  733  285  557   0   0   0   4,596
Y_Bartko          28 svk  1 11 26 14  4  300  841  451  328   0   0   0 189,460
F_Rogerio         23 bra  1 14 24 15  3  300  864  177  989   2   0   0  99,324
R_McAdams         28 irl  1  4 23 12  9  300  979  232  467   0   0   0  52,512
O_Belaid          23 alg  1 15 20 10 11  300   36   28  527   0   0   0   8,697
P_Allgood         27 can  1  5 20 12 24  300  205  314  762   0   0   0   7,582
M_Zoble           30 jam  1  5 20  8 36  300  260  950  568   0   0   0   6,749
G_Azcoyn          22 ukr  1  4 19 10 49  300  709  960  663   4   0   0   4,690
S_Rogers          21 mlt  1  7 17 24 15  300  952  538 1135   4   0   0  96,666
K_Barbieri        23 ita  1 15  8 20 43  300   24  939  392   4   0   0   7,729
L_Baker           23 eng  1  6 10 20 26  300  252  843  591   0   0   0   7,264


----------------------------------------------------------------------------------------
Name              Pos Gam Sub  Min Mom Sav Con Cls Ktk Kps Sht Gls Ass            Status
----------------------------------------------------------------------------------------
C_Douglas          GK  12   0 1103   0  68  16   1   0   0   0   0   0      On_Loan(wom)
T_Marras           GK   5   0  475   0  38  11   0   0   0   0   0   0                 -
P_Navarra          GK   2   1  133   0   3   2   0   0   0   0   0   0                 -
M_Helio            DF  18   0 1698   0   0   0   0  26   6  20   4   0                 -
De_Passa           DF  17   0 1614   2   0   0   0  19  13  10   1   2                 -
B_Andrews          DF  17   0 1551   1   0   0   0  13  12  11   1   0                 -
R_McCurley         DF  14   3  991   1   0   0   0  14   7  12   1   0                 -
L_Graham           DF   6   4  352   0   0   0   0   6   1   4   0   0                 -
L_Rodriguez        DF   0   0    0   0   0   0   0   0   0   0   0   0                 -
Y_Bartko           MF   2   0  190   0   0   0   0   0   6   2   1   0                 -
F_Rogerio          MF  18   0 1711   0   0   0   0   9  22  25   2   1                 -
R_McAdams          MF  16   0 1490   0   0   0   0   1  31   8   0   2                 -
O_Belaid           MF   1   0   96   0   0   0   0   0   2   0   0   0                 -
P_Allgood          MF   2   0  189   0   0   0   0   0   0   0   0   0                 -
M_Zoble            MF   4   1  287   0   0   0   0   0   4   1   0   0                 -
G_Azcoyn           MF  11  10  415   0   0   0   0   2  11   4   0   0                 -
S_Rogers           FW  18   0 1711   2   0   0   0   6   9  58   7   0      On_Loan(mal)
K_Barbieri         FW   4   2  281   0   0   0   0   0   0   4   0   0                 -
L_Baker            FW   1   0    1   0   0   0   0   0   0   0   0   0                 -
