Name             Age Nat St Tk Ps Sh Ag  KAb  TAb  PAb  SAb  DP Inj Sus    Wage
-------------------------------------------------------------------------------
S_Moshtdon        26 cyp 27  1  1  1 17 1407  300  300  300   2   0   0 155,000
A_Marriott        26 wal 23  1  1  1 16  115  300  300  300   0   0   0  36,000
D_McStuffins      17 usa 13  1  1  1  7  164  300  300  300   0   0   0     200
F_Hierro          26 esp  1 25 23 12 26  300    8  177  216   0   0   0 167,388
F_Baresi          24 ita  1 24 16 10 18  300  322  761  694   0   0   0  97,512
M_Neher           25 ger  1 24 14  9 10  300  303  369  287   2   0   0  92,437
P_Warhurst        21 eng  1 22  6 20 23  300  458    4  432  14   0   0  29,233
S_Bruce           20 eng  1 21  6 16 19  300  262  246  771   0   0   0  13,094
K_Soto            21 arg  1 21  6 13  6  300  814  318   10   0   0   0  12,591
D_Juan            21 esp  1 21 14  7 12  300  519  786  392   2   0   0  14,435
T_Amaya           16 arg  1 12  5 10  3  300  124  507  677   0   0   0     221
D_Utokyous        25 cyp  1 16 25  8  6  300  817   91  593   0   0   0 141,114
I_Aventurero      22 esp  1  8 23 20 39  300  467   80  273   2   0   0  65,660
C_Heberling       28 ger  1 11 22  8  6  300  838  531  347   0   0   0  28,758
C_Carlier         22 fra  1 19 21  7 12  300  172  594  240   2   0   0  16,216
B_Mussolini       17 ita  1  3 13  8 27  300  886  467  967   0   0   0     303
J_McGrath         16 nir  1  5 12  7 16  300  364  766  745   0   0   0     217
F_Franco          17 esp  1  6 12  4 17  300  617  159  662   0   0   0     203
O_Romo            25 ita  1  9 15 25  3  300    5   70   14   2   0   0 139,548
J_Rousch          25 bel  1  5 11 24 12  300  542  207  243   0   0   0  82,407
E_Escudero        18 arg  1  7  6 14 10  300  555  213  547   0   0   0     442
M_Eisenstein      17 cze  1 12  6 13 35  300  309  525  597   0   0   0     332


----------------------------------------------------------------------------------------
Name              Pos Gam Sub  Min Mom Sav Con Cls Ktk Kps Sht Gls Ass            Status
----------------------------------------------------------------------------------------
S_Moshtdon         GK  21   0 2022   1 104  27   7   0   0   0   0   0                 -
A_Marriott         GK   0   0    0   0   0   0   0   0   0   0   0   0                 -
D_McStuffins       GK   0   0    0   0   0   0   0   0   0   0   0   0                 -
F_Hierro           DF  21   0 2022   2   0   0   0  20  26  13   1   2                 -
F_Baresi           DF  21   0 2022   1   0   0   0  25  13  13   1   1                 -
M_Neher            DF  21   2 1897   1   0   0   0  16  12   8   0   0                 -
P_Warhurst         DF  13   0 1106   0   0   0   0  12   2   6   0   1                 -
S_Bruce            DF   9   0  617   0   0   0   0   4   3   9   2   0                 -
K_Soto             DF   4   0  380   0   0   0   0   3   0   5   0   0                 -
D_Juan             DF  17   1 1339   1   0   0   0  15  16   4   1   1                 -
T_Amaya            DF   1   1   32   0   0   0   0   0   1   0   0   0                 -
D_Utokyous         MF  20   0 1850   0   0   0   0  16  31  14   1   1                 -
I_Aventurero       MF  21   0 1891   1   0   0   0   3  28  33   2   6                 -
C_Heberling        MF  21   9 1280   0   0   0   0   2  27  15   0   1                 -
C_Carlier          MF  15   0 1421   2   0   0   0   7  21   5   3   3                 -
B_Mussolini        MF   0   0    0   0   0   0   0   0   0   0   0   0                 -
J_McGrath          MF   1   1   89   0   0   0   0   0   1   0   0   0                 -
F_Franco           MF   0   0    0   0   0   0   0   0   0   0   0   0                 -
O_Romo             FW  21   0 1988   1   0   0   0   2  12  57  10   0                 -
J_Rousch           FW  21   1 1961   2   0   0   0   4   9  51   5   1                 -
E_Escudero         FW   0   0    0   0   0   0   0   0   0   0   0   0                 -
M_Eisenstein       FW   0   0    0   0   0   0   0   0   0   0   0   0                 -
