Name             Age Nat St Tk Ps Sh Ag  KAb  TAb  PAb  SAb  DP Inj Sus    Wage
-------------------------------------------------------------------------------
G_Lazzari         18 ita 19  1  1  1 16  275  300  300  300   0   0   0   3,200
Q_Campbell        18 eng 16  1  1  1  4  340  300  300  300   0   0   0     900
P_Pig             17 eng 13  1  1  1 36  213  300  300  300   0   0   0     200
J_Capra           19 ita  1 18 10 14 23  300   33  402  644   2   0   0   3,598
W_Kessler         20 ger  1 18  5  3 21  300  408  503  949   6   0   0   2,589
C_Henrique        18 bra  1 16  5  9  4  300  191  407  663   2   0   0   1,271
E_Watkins         18 wal  1 15  5  6 38  300  855  432  954   4   0   0     612
B_Melis           16 ita  1 13  1  5  5  300  664  895  323   0   0   0     224
J_Bucci           17 ita  1 13  5  4 12  300  824  985  444   0   0   0     270
H_Henry           17 eng  1 13  3  3 72  300  553  517  584   0   0   0     238
F_Sam             17 wal  1 13  7  3 10  300  247  130  733   0   0   0     290
P_Juli            20 esp  1  8 17 11 11  300  629    1  161   0   0   0   2,330
T_Mangold         20 cyp  1  5 16 13  5  300  865  674  608   0   0   0   1,563
W_Churchill       19 eng  1 11 15  7 45  300  114  874  971  12   0   0     777
F_Zanelli         20 cyp  1 14 15 12 24  300  717  679  653   0   1   0     913
D_Malonga         17 fra  1  8 14  5  8  300  205  994  661   2   0   0     461
K_Mazzoli         17 ita  1  8 13  5  8  300  117  859  528   0   0   0     315
S_Jones           18 wal  1  5 13 17 33  300  555  942   38   4   0   0   2,370
O_Guidi           19 ita  1  3  8 16  5  300  608  405  445   0   0   0   1,279
Y_Francisco       17 bra  1  6  5 15 11  300  812  346  113   0   0   0     612
D_Fusi            17 cyp  1  3 10 14 54  300  637  877  291   2   0   0     480
Y_Desmenez        17 fra  1  7  8 14 31  300  524  394  228   0   0   0     478


----------------------------------------------------------------------------------------
Name              Pos Gam Sub  Min Mom Sav Con Cls Ktk Kps Sht Gls Ass            Status
----------------------------------------------------------------------------------------
G_Lazzari          GK  18   0 1653   0  77  17   8   0   0   0   0   0                 -
Q_Campbell         GK   2   1  156   0   7   3   0   0   0   0   0   0                 -
P_Pig              GK   0   0    0   0   0   0   0   0   0   0   0   0                 -
J_Capra            DF  18   0 1709   1   0   0   0  23   9  24   4   1                 -
W_Kessler          DF  19   0 1809   0   0   0   0  16   4   5   0   0                 -
C_Henrique         DF  19   0 1809   2   0   0   0  24   6  22   2   0                 -
E_Watkins          DF  19   9 1249   1   0   0   0  18   4  14   0   1                 -
B_Melis            DF   9   0  560   0   0   0   0   3   0   0   0   0                 -
J_Bucci            DF   0   0    0   0   0   0   0   0   0   0   0   0                 -
H_Henry            DF   0   0    0   0   0   0   0   0   0   0   0   0                 -
F_Sam              DF   0   0    0   0   0   0   0   0   0   0   0   0                 -
P_Juli             MF  19   0 1513   0   0   0   0   6  27  16   4   4                 -
T_Mangold          MF  19   6 1439   0   0   0   0   2  32  22   2   0                 -
W_Churchill        MF  18   8 1174   1   0   0   0   5  35   8   1   3                 -
F_Zanelli          MF  19   3 1579   3   0   0   0  11  35  21   5   4                 -
D_Malonga          MF  11   1  740   0   0   0   0   1   9   7   2   1                 -
K_Mazzoli          MF   1   1   28   0   0   0   0   0   0   0   0   0                 -
S_Jones            FW  19   0 1809   1   0   0   0   2  18  39   5   4                 -
O_Guidi            FW  10   0  953   0   0   0   0   0   6  15   2   0                 -
Y_Francisco        FW   9   0  856   1   0   0   0   2   3  22   6   0                 -
D_Fusi             FW   9   0  856   1   0   0   0   0   5  14   2   3                 -
Y_Desmenez         FW   0   0    0   0   0   0   0   0   0   0   0   0                 -
