Name             Age Nat St Tk Ps Sh Ag  KAb  TAb  PAb  SAb  DP Inj Sus    Wage
-------------------------------------------------------------------------------
M_Castiel         19 wal 20  1  1  1  3   40  300  300  300   0   0   0   4,900
Y_Antonio         20 bra 16  1  1  1  4  689  300  300  300   0   0   0     900
T_Willow          18 wal 14  1  1  1  7  668  300  300  300   0   0   0     300
W_Mendy           19 fra  1 17 14 10  9  300   91   94  514   0   0   0   2,605
T_Bizeul          19 fra  1 16  8  6 22  300  518  378  901   2   0   0   1,346
C_Angel           19 usa  1 16  5  5 11  300  383  609   17   0   0   0   1,181
D_Fernandez       19 mlt  1 15  9  7  6  300  944  208  360   0   0   0     726
Y_Dubois          19 fra  1 15 10  6 21  300  189  469  174   0   0   0     739
A_Correa          19 uru  1 15 13  9 68  300  191  236   17   0   0   0     852
Y_West            16 brb  1 14  5  8  5  300  138  104  758   0   0   0     432
N_Howard          17 eng  1 14 11  8  9  300  482  771  202   0   0   0     542
A_Ember           16 wal  1 13  9  5  9  300  719   59  674   0   0   0     328
D_Targaryen       19 hun  1  6 17  7  6  300   11  435  954   0   0   0   1,983
J_Snow            19 hun  1  3 16  9 18  300  990  980  847   0   0   0   1,327
E_Winchester      20 usa  1  7 16 11 15  300   28  404  321   0   0   0   1,513
B_Singer          18 usa  1  8 15 12  4  300  482  828  161   2   0   0     814
N_Brown           19 usa  1  9 15 10 15  300  828  934  232   0   0   0     775
M_Rey             19 fra  1  6 15  8 11  300  742  428  881   0   0   0     688
D_Francisco       19 bra  1  8 15 10  7  300   51  345  789   0   0   0     763
A_Cassidy         19 eng  1  7 15  3 24  300  556  341  583   0   0   0     627
H_Mylius          16 ger  1  6 13  4 28  300  546  260  773   2   0   0     283
G_Wilson          19 bra  1  7 12 16 34  300  137  674    6   0   0   0   1,560
X_Rowley          18 eng  1  7  6 15  6  300  729  933  503   0   1   0     649
L_Angelus         18 irl  1  5 11 15 10  300  366  472  485   0   0   0     753
M_Quinton         18 eng  1  5  9 15 19  300   72   75  121   0   0   0     702
E_Stark           18 hun  1  6  7 15  7  300  618  776   21   0   0   0     663


----------------------------------------------------------------------------------------
Name              Pos Gam Sub  Min Mom Sav Con Cls Ktk Kps Sht Gls Ass            Status
----------------------------------------------------------------------------------------
M_Castiel          GK  18   0 1747   0 125  27   6   0   0   0   0   0                 -
Y_Antonio          GK   0   0    0   0   0   0   0   0   0   0   0   0                 -
T_Willow           GK   0   0    0   0   0   0   0   0   0   0   0   0                 -
W_Mendy            DF  17   0 1521   5   0   0   0  24  21  32   8   5                 -
T_Bizeul           DF  13   7  724   1   0   0   0  11   7   2   0   0                 -
C_Angel            DF   8   1  793   1   0   0   0  13   2   4   0   0                 -
D_Fernandez        DF   9   0  892   0   0   0   0  17   8   9   1   0                 -
Y_Dubois           DF   8   0  796   1   0   0   0   6   7   5   1   2                 -
A_Correa           DF   4   2  339   0   0   0   0   7   3   3   0   0                 -
Y_West             DF  18   1 1367   0   0   0   0  18   6  15   1   0                 -
N_Howard           DF  11   0  972   0   0   0   0   9   8   2   0   1                 -
A_Ember            DF  12   0  930   0   0   0   0  11  12   7   0   0                 -
D_Targaryen        MF  17   0 1649   1   0   0   0   7  25  19   3   2                 -
J_Snow             MF  18   0 1747   0   0   0   0   4  30  20   0   1                 -
E_Winchester       MF   3   0  288   0   0   0   0   0   4   1   0   0                 -
B_Singer           MF  14   0 1364   1   0   0   0   7  24  28   3   1                 -
N_Brown            MF   8   1  722   0   0   0   0   6  11   9   0   1                 -
M_Rey              MF   0   0    0   0   0   0   0   0   0   0   0   0                 -
D_Francisco        MF   0   0    0   0   0   0   0   0   0   0   0   0                 -
A_Cassidy          MF   0   0    0   0   0   0   0   0   0   0   0   0                 -
H_Mylius           MF  12   0 1144   0   0   0   0   5  23   6   0   1                 -
G_Wilson           FW   6   1  515   0   0   0   0   1   2  26   4   1                 -
X_Rowley           FW  12   0 1134   0   0   0   0   5   0  40   4   0                 -
L_Angelus          FW  12   0 1145   2   0   0   0   0  11  39   8   1                 -
M_Quinton          FW   7   0  700   0   0   0   0   2   5  18   0   0                 -
E_Stark            FW   0   0    0   0   0   0   0   0   0   0   0   0                 -
