Name             Age Nat St Tk Ps Sh Ag  KAb  TAb  PAb  SAb  DP Inj Sus    Wage
-------------------------------------------------------------------------------
W_Li              29 chn 28  1  1  1 29 2533  300  300  300   0   0   0 190,000
C_Dudder          25 fra 22  1  1  1 49  849  300  300  300   0   0   0  19,000
F_Eral            24 aus  1 26 23  3 45  300 1338  491  534  12   0   0 209,999
K_Villagra        25 ARG  1 25 16 14 25  300  181   81  804   6   0   0 149,466
N_Zheronkin       26 rus  1 25 16  7  5  300  924  812   84   0   0   0 139,722
L_Romero          23 uru  1 24 20 15 15  300  748  369   72   2   0   0 110,562
J_Angloma         22 fra  1 22 17  7 17  300  978  327  170   0   0   0  32,817
S_O'Connor        25 eng  1 21 12  8 54  300  748  896   25   2   0   0  13,891
F_Sinclair        25 mlt  1 21 14  7 24  300   65  460  433   0   0   0  14,435
E_Francescoli     29 uru  1  6 28 19 24  300  268  625  980   4   0   0 307,392
H_Hog             22 aus  1 13 25 21 24  300  808   37  232   6   0   0 162,864
M_Zidane          27 fra  1 13 24 21 42  300  242  734  606  16   0   0 110,683
M_Laudrup         24 den  1 15 23 12 13  300  380  424  644   0   0   0  61,512
E_Moch            25 aut  1  5 21 17 54  300  494  289  529   2   0   0  15,169
T_Bencini         26 ita  1 17 20 12  3  300  894  491  225   0   0   0   9,310
M_Wahlbrink       28 rou  1 12 20  7 12  300  105  841  694   0   0   0   7,778
B_Indikt          29 swe  1 15 19 10 40  300  256  695  454   0   0   0   5,810
J_Hurtakeeper     25 rsa  1 17 14 26 19  300  606  305 1394   2   0   0 200,537
H_Flashman        23 eng  1 13 21 25 12  300  396  235 1276   0   0   0 162,864
D_Monday          28 sco  1 11 16 22 25  300  752  888  549   2   0   0  33,465


----------------------------------------------------------------------------------------
Name              Pos Gam Sub  Min Mom Sav Con Cls Ktk Kps Sht Gls Ass            Status
----------------------------------------------------------------------------------------
W_Li               GK  18   0 1698   0  99  19   4   0   0   0   0   0                 -
C_Dudder           GK   2   1  141   0   6   0   1   0   0   0   0   0                 -
F_Eral             DF  16   0 1488   1   0   0   0  20  36   2   2   4                 -
K_Villagra         DF  18   0 1743   0   0   0   0  19  19  19   3   1                 -
N_Zheronkin        DF  19   0 1839   3   0   0   0  30  24   8   2   1                 -
L_Romero           DF  19   0 1839   1   0   0   0  25  28  21   0   2                 -
J_Angloma          DF  16   1 1160   0   0   0   0  10  15  12   1   1                 -
S_O'Connor         DF   9   9  325   0   0   0   0   3   1   3   1   0                 -
F_Sinclair         DF   0   0    0   0   0   0   0   0   0   0   0   0                 -
E_Francescoli      MF  11   0 1010   0   0   0   0   1  20  14   4   0                 -
H_Hog              MF  19   0 1804   2   0   0   0   1  25  30   3   5                 -
M_Zidane           MF  18   0 1742   1   0   0   0   5  36  40   3   4                 -
M_Laudrup          MF  11   0 1075   0   0   0   0   2  14   7   0   3                 -
E_Moch             MF   5   2  283   0   0   0   0   1   6   4   0   0                 -
T_Bencini          MF   2   1  177   0   0   0   0   0   3   1   0   1                 -
M_Wahlbrink        MF   0   0    0   0   0   0   0   0   0   0   0   0                 -
B_Indikt           MF   0   0    0   0   0   0   0   0   0   0   0   0                 -
J_Hurtakeeper      FW  19   0 1749   2   0   0   0   8   8  83  11   1                 -
H_Flashman         FW  19   0 1749   3   0   0   0   8  21  61  11   2                 -
D_Monday           FW  10   8  373   0   0   0   0   0   2   9   0   0                 -
