Name             Age Nat St Tk Ps Sh Ag  KAb  TAb  PAb  SAb  DP Inj Sus    Wage
-------------------------------------------------------------------------------
A_Zubiz           20 bra 20  1  1  1 38  288  300  300  300   2   0   0   4,900
B_Kowalchuk       19 rus 15  1  1  1 30  371  300  300  300   0   0   0     450
G_Dupuy           20 fra 15  1  1  1  6  308  300  300  300   0   0   0     450
T_Greco           19 ita 13  1  1  1  6  855  300  300  300   0   0   0     200
K_Ibanez          20 arg  1 19  9  9  6  300  847  221  356   0   0   0   4,883
M_Jura            19 bra  1 17 11  5  4  300  901  349   49   0   0   0   2,198
P_Fattori         19 ita  1 16  7  8  5  300  569   43  850   0   0   0   1,296
N_Tabatabaei      17 irn  1 15  2 10 21  300  301  636  119   2   0   0     571
G_Vasic           17 rsa  1 13 11  6 31  300  439  462  149   0   0   0     360
A_Cordoba         16 ARG  1 12  2  6  3  300  960  964  538   0   0   0     172
P_Urbani          18 ITA  1  9 15  1 55  300  425  383  888  12   0   0     654
H_Turner          17 eng  1 10 14  4 28  300  793  503  691   2   0   0     488
E_Eduardo         18 bra  1  9 14  7 13  300  656  528  968   0   0   0     496
N_Hoxha           16 ALB  1  9 13  5 36  300  631  103  826   0   0   0     237
Q_Reinhardt       20 ger  1  7 11 17 52  300  643  928  313   0   0   0   2,297
I_Suominen        20 fin  1  3 10 16 33  300  784  294  583   0   0   0   1,375
I_Maier           20 ger  1 11  5 16  3  300  725  798  112   0   0   0     672
M_Manu            20 esp  1 12  9 15 54  300   22  707  501   2   0   0     774
N_Rosi            17 ita  1  6 10 14 23  300  896    3  263   0   0   0     487
P_Jorge           19 bra  1 10  6 14 17  300  720  441  411   0   0   0     468
U_Suarez          16 ARG  1  4  8 12 29  300  210  324  158   0   0   0     223


----------------------------------------------------------------------------------------
Name              Pos Gam Sub  Min Mom Sav Con Cls Ktk Kps Sht Gls Ass            Status
----------------------------------------------------------------------------------------
A_Zubiz            GK   7   0  659   0  30  15   1   0   0   0   0   0                 -
B_Kowalchuk        GK   8   0  765   1  42  14   3   0   0   0   0   0                 -
G_Dupuy            GK   0   0    0   0   0   0   0   0   0   0   0   0                 -
T_Greco            GK   0   0    0   0   0   0   0   0   0   0   0   0                 -
K_Ibanez           DF   7   0  659   0   0   0   0  12   2   5   0   0                 -
M_Jura             DF  15   0 1424   0   0   0   0  21  13   3   1   2                 -
P_Fattori          DF  12   1 1078   1   0   0   0  17   8   3   0   1                 -
N_Tabatabaei       DF  15   0 1424   0   0   0   0  14   0  12   1   0                 -
G_Vasic            DF  10   0  916   1   0   0   0  14   7   3   2   0                 -
A_Cordoba          DF   7   0  666   0   0   0   0   3   0   2   0   0                 -
P_Urbani           MF  12   0 1124   0   0   0   0   6  15   1   0   2                 -
H_Turner           MF  15   0 1424   2   0   0   0   8  27   3   1   5                 -
E_Eduardo          MF  12   1 1057   0   0   0   0   6  16   7   1   0                 -
N_Hoxha            MF   9   0  857   2   0   0   0   5  19   3   1   2                 -
Q_Reinhardt        FW  11   0 1042   0   0   0   0   3   6  24   1   0                 -
I_Suominen         FW  10   0  946   0   0   0   0   2   8  15   5   0                 -
I_Maier            FW   9   0  856   0   0   0   0   6   4  20   4   0                 -
M_Manu             FW   2   0  193   0   0   0   0   0   2   4   1   0                 -
N_Rosi             FW   6   0  574   0   0   0   0   0   3  10   0   0                 -
P_Jorge            FW   0   0    0   0   0   0   0   0   0   0   0   0                 -
U_Suarez           FW   0   0    0   0   0   0   0   0   0   0   0   0                 -
