Name             Age Nat St Tk Ps Sh Ag  KAb  TAb  PAb  SAb  DP Inj Sus    Wage
-------------------------------------------------------------------------------
A_Grover          28 aus 26  1  1  1 11  918  300  300  300   0   0   0 120,000
O_Gerling         25 ger 22  1  1  1  4   48  300  300  300   0   0   0  19,000
A_Szabo           28 hun 21  1  1  1 10  175  300  300  300   0   0   0   8,800
J_Goettfert       32 egy  1 23  4 10 54  331  278  170  769   4   0   0  45,625
R_Beltane         22 fra  1 22  9 14  4  300  151   97  909   0   0   0  29,362
C_McNice          23 sco  1 22 12  9  7  300  710  647  587   0   0   0  29,838
J_Roberts         32 sco  1 22 10  8 29  300  119  144  538   0   0   0  28,024
A_Salinas         23 esp  1 21  7 13 10  300  293  668  833   0   0   0  12,948
D_McNaughty       22 sco  1 20 10  7 31  300    3  563  971   0   0   0   4,892
E_Warner          25 eng  1 20 14 10 11  300  786  214  440   0   0   0   8,489
G_Caruso          21 ita  1 18 16 13  5  300  457  828  776   0   0   0   4,147
N_Gavrilenko      31 rus  1  8 25 12 12  300  587  222  868   0   0   0 129,282
H_Denbo           29 jam  1  6 24 15 32  300  214   23  976   0   0   0  91,591
G_Rainbow         32 sco  1 19 22  3 11  300  834  264  283   0   0   0  32,903
E_Dogstand        32 eng  1  6 22 22  8  300  369  190  889   0   0   0  36,142
R_Carlo           22 esp  1  8 21 15 42  300  712  490  859   0   0   0  14,959
D_Stabile         25 ita  1  9 21  6 42  300  736  193   26   0   0   0  12,487
B_Benitez         24 arg  1 16 20 13 16  300  565  211  755   0   0   0   9,199
D_Ismaylov        22 aze  1 11 19 10 14  300  975   49  107   0   0   0   5,237
V_Mazzi           21 ita  1  4 18 12 14  300  815  934  148   0   0   0   3,330
E_Kristal         26 fra  1  9 14 22 30  300   59  885  873   0   0   0  31,306
K_Zetty           23 pol  1  5 14 21  7  300  199  430  421   0   6   0  14,100
D_Dublin          21 eng  1 17  5 20 24  932  598  859  761   2   0   0   7,301
Q_Vicini          25 ita  1 16 15 20 36  300  979  110   82   0   0   0   9,285
A_Scott           21 mlt  1  7 10 18 41  300  824  976  443   0   0   0   3,272


----------------------------------------------------------------------------------------
Name              Pos Gam Sub  Min Mom Sav Con Cls Ktk Kps Sht Gls Ass            Status
----------------------------------------------------------------------------------------
A_Grover           GK  11   0 1081   0  73  18   3   0   0   0   0   0                 -
O_Gerling          GK   0   0    0   0   0   0   0   0   0   0   0   0                 -
A_Szabo            GK   0   0    0   0   0   0   0   0   0   0   0   0                 -
J_Goettfert        DF   6   0  605   0   0   0   0  12   2   5   0   0                 -
R_Beltane          DF  10   0  951   2   0   0   0  17   7   8   2   0                 -
C_McNice           DF  11   0 1081   0   0   0   0   6   7   5   0   0                 -
J_Roberts          DF   5   0  509   0   0   0   0  11   4   2   1   0                 -
A_Salinas          DF   5   1  414   0   0   0   0   2   0   6   0   0                 -
D_McNaughty        DF   0   1    0   0   0   0   0   0   0   0   0   0                 -
E_Warner           DF   0   0    0   0   0   0   0   0   0   0   0   0                 -
G_Caruso           DF   4   0  315   0   0   0   0   5   1   4   0   1                 -
N_Gavrilenko       MF   9   0  892   0   0   0   0   0  19  11   0   1                 -
H_Denbo            MF  10   2  805   0   0   0   0   2  16  14   1   0                 -
G_Rainbow          MF   7   1  542   0   0   0   0   3   9   3   0   1                 -
E_Dogstand         MF  10   1  892   0   0   0   0   1  17  25   3   2                 -
R_Carlo            MF   2   1   83   0   0   0   0   0   4   2   0   1                 -
D_Stabile          MF   2   2   81   0   0   0   0   0   1   0   0   0                 -
B_Benitez          MF   5   2  312   0   0   0   0   4   4   2   1   0                 -
D_Ismaylov         MF   4   0  315   0   0   0   0   2   3   3   0   1                 -
V_Mazzi            MF   4   0  380   0   0   0   0   0   7   3   0   1                 -
E_Kristal          FW   7   1  627   0   0   0   0   2   7  19   1   1                 -
K_Zetty            FW   8   0  759   1   0   0   0   1   4  16   4   0                 -
D_Dublin           FW   4   1  321   0   0   0   0   1   2  11   0   0                 -
Q_Vicini           FW   0   0    0   0   0   0   0   0   0   0   0   0                 -
A_Scott            FW   4   2  222   0   0   0   0   0   3   8   0   0                 -
