Name             Age Nat St Tk Ps Sh Ag  KAb  TAb  PAb  SAb  DP Inj Sus    Wage
-------------------------------------------------------------------------------
G_Mills           19 eng 16  1  1  1 11  150  300  300  300  10   0   0     900
L_Semeraro        18 ita 14  1  1  1 58  323  300  300  300   0   0   0     300
T_Menegat         19 ita 14  1  1  1 11  873  300  300  300   0   0   0     300
F_Leonardo        18 bra 13  1  1  1  5  972  300  300  300   0   0   0     200
N_Carta           16 ita 12  1  1  1 45   78  300  300  300   0   0   0     140
Y_Orellana        19 arg  1 16  4 11  3  300  548  476  318   0   0   0   1,268
Q_McBride         20 sco  1 16  7  9 52  300  868  588  908  22   0   0   1,366
Y_Alessandro      20 bra  1 16  9  6  5  300  468  163  898   4   0   0   1,394
E_Chistyakov      20 rus  1 16  5  8 25  300  320  682  153   2   0   0   1,248
S_Pereyra         17 arg  1 14  5  8  5  300  446  115  281   0   0   0     432
W_Charbonnier     18 fra  1 14 10  4 10  300  300  164  663   0   0   0     488
O_Murray          17 sco  1 13 10  2 18  300  315  621  657   0   0   0     323
A_Kelly           19 nir  1 13  9  3  8  300  986  598  679   0   0   0     316
V_Mazzi           20 ita  1  4 18 11 14  300  463   90  549   0   0   0   3,231
J_Petersen        19 usa  1 10 17  4 16  300  339  224  403  12   0   0   2,128
C_Tait            20 eng  1  9 17  7 40  300  580  663  608  12   0   0   2,157
K_Forster         20 ger  1 12 16 10 16  300  203  515  427   2   0   0   1,627
M_Voronine        17 lva  1 13 15  4 12  300  216  228  924   0   0   0     792
Q_David           20 esp  1 12 15  6 22  300  533  667  527   2   0   0     790
Q_Giglio          17 ita  1  9 13  7 34  300  234  837  840   0   0   0     340
A_Scott           20 mlt  1  7 10 17 41  300  434  335  689  22   0   1   2,227
U_Bruno           20 por  1 12  6 17 15  300  641  186  521   2   0   0   2,112
M_Porter          20 aus  1  5 10 16 28  300   92  983  717   0   0   0   1,420
Q_Michel          19 bra  1  7  5 15 20  300  313  906  658   0   0   0     624
K_Grassi          19 ita  1  7  4 15 13  300   55  242  520   0   0   0     598
W_Juarez          19 arg  1  3  6 15 48  300  427  890  487   0   0   0     601
U_Martinez        16 uru  1  2  3 12  7  300  750  487  758   0   0   0     163


----------------------------------------------------------------------------------------
Name              Pos Gam Sub  Min Mom Sav Con Cls Ktk Kps Sht Gls Ass            Status
----------------------------------------------------------------------------------------
G_Mills            GK  15   0 1289   0  66  23   2   0   0   0   0   0                 -
L_Semeraro         GK   3   0  283   0  12   9   0   0   0   0   0   0                 -
T_Menegat          GK   3   1  251   0  12   3   1   0   0   0   0   0                 -
F_Leonardo         GK   1   1   66   0   3   2   0   0   0   0   0   0                 -
N_Carta            GK   0   0    0   0   0   0   0   0   0   0   0   0                 -
Y_Orellana         DF  18   0 1479   2   0   0   0  24   5  19   2   0                 -
Q_McBride          DF  17   0 1495   0   0   0   0  23   6  16   1   1                 -
Y_Alessandro       DF  16   0 1270   1   0   0   0  18  16   7   1   1                 -
E_Chistyakov       DF  18   0 1586   0   0   0   0  17   3  18   3   0                 -
S_Pereyra          DF  14   4 1098   1   0   0   0  15   4   7   1   1                 -
W_Charbonnier      DF  10   9  358   0   0   0   0   7   3   1   1   0                 -
O_Murray           DF   2   2  139   0   0   0   0   1   0   2   0   0                 -
A_Kelly            DF   0   0    0   0   0   0   0   0   0   0   0   0                 -
V_Mazzi            MF  20   0 1812   2   0   0   0   4  47  25   2   6                 -
J_Petersen         MF  19   0 1746   1   0   0   0   9  36   8   0   3                 -
C_Tait             MF  18   0 1475   0   0   0   0   4  30  11   3   4                 -
K_Forster          MF  19   8 1300   1   0   0   0   4  24  16   3   1                 -
M_Voronine         MF   9   0  843   0   0   0   0   6  16   4   2   2                 -
Q_David            MF   2   1  171   0   0   0   0   2   4   0   0   0                 -
Q_Giglio           MF   2   0  125   0   0   0   0   0   0   2   0   0                 -
A_Scott            FW  15   0 1377   0   0   0   0   1   5  37   4   0                 -
U_Bruno            FW  20   0 1608   0   0   0   0  12   4  50   7   0                 -
M_Porter           FW   8   3  564   0   0   0   0   0  10  21   2   2                 -
Q_Michel           FW   4   4  126   0   0   0   0   0   2   3   1   0                 -
K_Grassi           FW   0   0    0   0   0   0   0   0   0   0   0   0                 -
W_Juarez           FW   0   0    0   0   0   0   0   0   0   0   0   0                 -
U_Martinez         FW   0   0    0   0   0   0   0   0   0   0   0   0                 -
