Name             Age Nat St Tk Ps Sh Ag  KAb  TAb  PAb  SAb  DP Inj Sus    Wage
-------------------------------------------------------------------------------
W_Helio           24 bra 27  1  1  1 25  142  300  300  300   0   0   0 120,000
Q_Kloever         27 rsa 22  1  1  1  8  796  300  300  300   0   0   0  19,000
Q_Harris          23 aus 21  1  1  1 28  460  300  300  300   0   0   0   8,800
Y_Festa           21 ita 20  1  1  1  6  715  300  300  300   0   0   0   4,900
N_Luis            22 esp  1 22 19  8  7  300  137  153  822   0   0   0  16,028
R_Maiello         26 por  1 22 12 18 37  300  551  706  553   2   0   0  32,947
S_Arakaki         22 jpn  1 21 11  6 21  300  161  796  114   0   0   0  13,199
L_Phillips        24 wal  1 21 18  4 36  300  782  351  434   0   0   0  15,357
L_Palumbo         24 ita  1 21 18  9 60  300  275  444  303   0   0   0  16,195
I_Bullock         22 eng  1 19 19  7 54  300  197  227  306   0   0   0   6,180
Y_Faccioli        23 ita  1 19 13  5 20  300  456  969  427   0   0   0   5,186
S_Pang            30 chn  1 14 25 11 48  300  880 1013  831   2   0   0 139,373
R_James           22 wal  1 17 22 11 42  300  167  456  756   4   0   0  34,199
M_V_Foe           24 cam  1 18 22  5 39  300  883  287  966   0   0   0  32,860
G_Phillips        23 eng  1  7 21 16 51  300  371  493  250   0   0   0  15,147
A_Diallo          25 mli  1 11 20 13 20  300    4  804  931   0   0   0   8,281
M_Charles         25 wal  1 16 20 12 27  300  699  768  290   0   0   0   9,101
U_Denilson        21 bra  1 14 18  5  3  300  835   16  370   0   0   0   2,440
E_Marchese        29 ita  1  2  8 24 26  300  422  749  758   2   0   0  73,345
Q_Zimmermann      24 mlt  1  6 13 22 38  300  556   21  211   0   0   0  29,536
U_Huber           31 sui  1 11  9 21  6  300   31  603  795   0   0   0  28,326
Y_Trevisan        22 ita  1 12 14 18 46  300  203  485  906   0   0   0   3,902


----------------------------------------------------------------------------------------
Name              Pos Gam Sub  Min Mom Sav Con Cls Ktk Kps Sht Gls Ass            Status
----------------------------------------------------------------------------------------
W_Helio            GK   7   0  668   2  42   3   5   0   0   0   0   0                 -
Q_Kloever          GK   0   0    0   0   0   0   0   0   0   0   0   0                 -
Q_Harris           GK   0   0    0   0   0   0   0   0   0   0   0   0                 -
Y_Festa            GK   0   0    0   0   0   0   0   0   0   0   0   0                 -
N_Luis             DF   7   0  668   2   0   0   0   6   8   5   2   1      On_Loan(rbw)
R_Maiello          DF   7   0  668   1   0   0   0   8   4   6   0   1                 -
S_Arakaki          DF   0   0    0   0   0   0   0   0   0   0   0   0                 -
L_Phillips         DF   7   0  668   0   0   0   0   7   8   1   0   1                 -
L_Palumbo          DF   7   0  668   0   0   0   0   7  10   4   0   0                 -
I_Bullock          DF   0   0    0   0   0   0   0   0   0   0   0   0                 -
Y_Faccioli         DF   0   0    0   0   0   0   0   0   0   0   0   0                 -
S_Pang             MF   7   0  668   0   0   0   0   2  10   2   0   1                 -
R_James            MF   7   0  668   0   0   0   0   4  13   6   2   3                 -
M_V_Foe            MF   7   0  668   0   0   0   0   5  16   2   0   0                 -
G_Phillips         MF   5   0  467   0   0   0   0   1   4   6   0   0                 -
A_Diallo           MF   3   1  201   0   0   0   0   1   1   3   0   0                 -
M_Charles          MF   0   0    0   0   0   0   0   0   0   0   0   0                 -
U_Denilson         MF   0   0    0   0   0   0   0   0   0   0   0   0                 -
E_Marchese         FW   7   0  668   1   0   0   0   0   3  21   4   0                 -
Q_Zimmermann       FW   7   0  668   0   0   0   0   0   1  16   2   0                 -
U_Huber            FW   0   0    0   0   0   0   0   0   0   0   0   0                 -
Y_Trevisan         FW   0   0    0   0   0   0   0   0   0   0   0   0                 -
