Name             Age Nat St Tk Ps Sh Ag  KAb  TAb  PAb  SAb  DP Inj Sus    Wage
-------------------------------------------------------------------------------
L_Riviello        27 ger 26  1  1  1 27 1237  300  300  300   2   0   0 120,000
I_Katchalot       28 eng 21  1  1  1 21  417  300  300  300   0   0   0   8,800
B_Colosimo        30 ita  1 25 15 17 29  300  286  911  769   0   0   0 150,684
N_Prosise         25 col  1 24  8 12  6  300  581  390  267   0   0   0  83,012
R_Bourque         30 can  1 23 12  9 18  300  845  257  835   4   0   0  55,642
Q_Campbell        23 aus  1 22 10 16 58  300  406   25  288  14   0   0  30,787
H_Zschiesche      21 ger  1 21 16 11 47  300   70  504  276   2   0   0  15,818
A_Thompson        22 nir  1 21 10  5  4  300  583  998  333   0   0   0  12,675
U_Poulsen         25 den  1 20 11  5  4  300  377  773  719   0   0   0   7,374
N_Hes             29 ger  1 15 25 14 14  300  936   69  571  10   0   0 146,508
H_Hoobler         31 bel  1  6 24  8 26  300  555  247  836   2   0   0  77,212
G_Vialli          22 ita  1 17 23 11  4  300  389  432  800   0   0   0  63,546
K_Stewart         31 sco  1  9 23  6 25  300  770  769  463   4   0   0  49,773
N_Nelson          21 cyp  1 12 20  6 34  300  460  398  541   4   0   0   7,680
L_Kingsley        22 nga  1  6 20 15 32  300  260  358  509   0   0   0   8,305
R_Toodeetoo       32 rsa  1  3 16 25 15  300  466  916   10  10   0   0 134,154
Neo               30 arg  1  6 11 23  8  300  558  605  343   0   0   0  52,434
P_Luyindula       22 fra  1 13  8 21 24  300   70  238  282   0   0   0  13,304
G_Lineker         26 eng  1 13 17 21 28  300  794   58  579   2   0   0  16,510
Brillianto        21 bra  1  7 16 20 55  300  768  558   75  12   0   0   8,611


----------------------------------------------------------------------------------------
Name              Pos Gam Sub  Min Mom Sav Con Cls Ktk Kps Sht Gls Ass            Status
----------------------------------------------------------------------------------------
L_Riviello         GK  20   0 1922   0 116  31   5   0   0   0   0   0                 -
I_Katchalot        GK   0   0    0   0   0   0   0   0   0   0   0   0                 -
B_Colosimo         DF  20   0 1922   2   0   0   0  27  20  23   0   3                 -
N_Prosise          DF  20   0 1836   1   0   0   0  39   6   8   0   0                 -
R_Bourque          DF  12   1 1019   1   0   0   0  14   3   3   1   0                 -
Q_Campbell         DF  15   1 1143   0   0   0   0  19   6   9   0   0                 -
H_Zschiesche       DF  11   1  971   1   0   0   0  12   5   7   1   1                 -
A_Thompson         DF  19  12  996   0   0   0   0  11   4   2   0   0                 -
U_Poulsen          DF   0   0    0   0   0   0   0   0   0   0   0   0                 -
N_Hes              MF  15   1 1238   0   0   0   0   4  13  17   1   0                 -
H_Hoobler          MF  19   6 1347   1   0   0   0   1  22   6   0   3                 -
G_Vialli           MF  20   0 1883   0   0   0   0  11  30  13   0   2                 -
K_Stewart          MF  14   3 1037   0   0   0   0   2  27   9   3   3                 -
N_Nelson           MF  11   2  655   0   0   0   0   4  13   6   2   0                 -
L_Kingsley         MF   7   4  486   0   0   0   0   1   3   5   1   0                 -
R_Toodeetoo        FW  19   0 1807   1   0   0   0   0  14  49   8   0                 -
Neo                FW  16   6 1058   1   0   0   0   1   4  21   5   1                 -
P_Luyindula        FW  12   3  727   0   0   0   0   3   2  12   1   0                 -
G_Lineker          FW   5   3  211   0   0   0   0   1   1  11   3   0                 -
Brillianto         FW   9   0  761   0   0   0   0   1   8  12   1   0                 -
