Name             Age Nat St Tk Ps Sh Ag  KAb  TAb  PAb  SAb  DP Inj Sus    Wage
-------------------------------------------------------------------------------
L_Ronaldo         20 bra 18  1  1  1 34  996  300  300  300   0   0   0   2,100
H_Penu            20 est 16  1  1  1 37  686  300  300  300   0   0   0     900
R_Jorge           18 esp 15  1  1  1  7  106  300  300  300   0   0   0     450
P_Ale             18 arg 14  1  1  1 23  140  300  300  300   0   0   0     300
E_Rodriguez       20 col  1 18 12  6 33  300  496  384  451  10   0   0   3,423
Q_Galvan          20 arg  1 17  9 11 18  300  729  215  729   2   0   0   2,289
X_Walters         19 wal  1 16  4  7 10  300   19  259  938   2   0   0   1,178
M_Sacco           20 ita  1 16  4 11 61  300  833  648  242  18   0   0   1,268
I_Simoes          20 bra  1 16  6  3  7  300  668  995  829   2   0   0   1,184
L_Kerr            20 nir  1 16  5  9 15  300  615  204  370   0   0   0   1,271
V_Watson          19 nir  1 15  3  8 11  300  804  444  716   2   0   0     585
N_Aguirre         19 arg  1 15 12  9 30  300  615  794  679   4   0   0     826
M_Sorrentino      19 ita  1 15  5 12 22  300  433  249  197   0   0   0     684
P_Holowaty        17 ukr  1 14  2  8 47  300  948  298  393   0   0   0     378
Y_Anderson        17 nir  1 13  8  3  6  300  283  462  726   0   0   0     303
H_Renton          16 nzl  1 12 14  8 11  300  402  188  307   2   0   0     560
S_Cohen           17 arg  1  8 14  6 38  300  439  558  968  10   0   0     469
B_Cattaneo        19 ita  1  6 14  3  5  300  135  847  942   0   0   0     408
Y_Armando         19 bra  1  6 14  9 15  300  981  675  610   0   0   0     487
W_Wender          17 bra  1  4 13 11  4  300  967  294  536   0   0   0     348
G_Edu             19 esp  1  5 10 16  9  300  126   60   77   0   0   0   1,420
T_Orosz           19 hun  1  4  8 15 71  300  875  714  877   2   0   0     664
W_Eduardo         19 bra  1  7 10 15 27  300   20   62  350   2   0   0     751
D_F_Dingle        16 eng  1  8  9 13 28  300   59  820  855   2   0   0     347


----------------------------------------------------------------------------------------
Name              Pos Gam Sub  Min Mom Sav Con Cls Ktk Kps Sht Gls Ass            Status
----------------------------------------------------------------------------------------
L_Ronaldo          GK  19   0 1837   1  94  29   3   0   0   0   0   0                 -
H_Penu             GK   0   0    0   0   0   0   0   0   0   0   0   0                 -
R_Jorge            GK   1   0   94   0   2   0   1   0   0   0   0   0                 -
P_Ale              GK   0   0    0   0   0   0   0   0   0   0   0   0                 -
E_Rodriguez        DF  18   0 1402   1   0   0   0  15  17  14   3   1                 -
Q_Galvan           DF  20   0 1881   2   0   0   0  24  20  24   4   2                 -
X_Walters          DF   9   0  822   0   0   0   0  11   2  10   0   0                 -
M_Sacco            DF  16   0 1454   0   0   0   0  14   5  16   1   0                 -
I_Simoes           DF  14   8  866   0   0   0   0   6   6   5   0   0                 -
L_Kerr             DF   4   2  247   0   0   0   0   6   0   5   2   0                 -
V_Watson           DF   5   3  352   0   0   0   0   2   1   1   0   0                 -
N_Aguirre          DF   9   0  856   0   0   0   0   7  13   6   0   2                 -
M_Sorrentino       DF   2   0  189   0   0   0   0   2   0   3   0   0                 -
P_Holowaty         DF   7   0  602   0   0   0   0   8   3   6   0   0                 -
Y_Anderson         DF   0   0    0   0   0   0   0   0   0   0   0   0                 -
H_Renton           MF  20   0 1912   0   0   0   0   5  28  13   4   1                 -
S_Cohen            MF  18   0 1722   0   0   0   0   5  39  11   0   0                 -
B_Cattaneo         MF  19   9 1227   0   0   0   0   4  28   6   0   1                 -
Y_Armando          MF  14   1 1039   0   0   0   0   6  19  17   0   5                 -
W_Wender           MF   8   1  589   0   0   0   0   0   8   6   1   0                 -
G_Edu              FW  20   2 1559   1   0   0   0   6  11  35   5   2                 -
T_Orosz            FW  17   5 1262   0   0   0   0   1   2  34   3   0                 -
W_Eduardo          FW   7   5  285   0   0   0   0   1   1  10   2   0                 -
D_F_Dingle         FW  11   2  910   1   0   0   0   1   8  16   2   3                 -
