P_Shilton     35 eng 32  6  5  3 18 329 300 300 300   1   0   93   0   8   0   0   0   0   0   0   2   0   0 100 117422
R_Clemence    27 eng 26  1  3  1 11 448 400 400 400   0   0    0   0   0   0   0   0   0   0   0   0   0   0 100  62969
J_Miranda     21 bra  2 25 10  7 21 500 206 468 162   1   0   93   0   0   0   1   1   1   0   0   0   0   0  98  63574
Papakoli_Diop 30 nig  2 24 15  8 24 290 203 587 694   1   0   93   0   0   0   4   0   0   0   0   2   0   0  98  66309
P_Evra        22 fra  3 24 11 10 21 600 223 190  47   1   0   93   0   0   0   2   1   0   0   0   2   0   0  98  60066
E_Richards    26 jam  2 23 13  5 32 300 152 200 782   1   1   66   0   0   0   2   0   1   0   0   0   0   0 100  54900
P_Alert       32 fra  2 23 11 10 20 300  29 295 984   0   0    0   0   0   0   0   0   0   0   0   0   0   0 100  54028
Marco_Rojo    19 arg  1 23 10  6 30 600 219  22 930   1   0   93   0   0   0   0   1   0   0   0   0   0   0  98  50787
S_Clark       24 eng  1 23 10 10 32 700 108 521 107   0   0    0   0   0   0   0   0   0   0   0   0   0   0 100  49859
A_Hinkel      30 ger  1 23 10 10 44 300 698 767 400   0   0    0   0   0   0   0   0   0   0   0   0   0   0 100  49859
F_Moussa      24 fra  1  5 24 17 23 300 751  31 945   1   0   20   0   0   0   0   0   0   0   0   0   0   0 100  68962
N_Schulz      25 ger  1  7 24 16 21 300 847 460  59   1   0   93   0   0   0   0   1   0   0   0   0   0   0  98  67815
W_Zaha        26 eng  2  7 23 17 12 700 281 345 661   1   0   93   0   0   0   0   2   2   0   0   0   0   0  98  63560
A_Oldridge    26 eng  1  7 23 17 17 300 972  99 126   1   0   93   0   0   0   0   1   3   0   0   0   0   0  98  63560
R_Pires       25 arg  3  9 23 16 31 500  74 869 784   1   0   27   0   0   0   0   1   1   0   0   0   0   0 100  62775
M_Oakley      31 spa  2 10 23 12 36 300 819 626 790   0   0    0   0   0   0   0   0   0   0   0   0   0   0 100  55695
K_Kilbane     25 ger  1  9 23 12 30 300 941 326 757   0   0    0   0   0   0   0   0   0   0   0   0   0   0 100  55090
Ronaldinho    24 bra  3  4 23 12 30 800 893 554 521   1   1   56   0   0   0   0   0   0   0   0   2   0   0 100  53023
Atsu          23 gha  1  9 23 11 18 300 557 489 479   0   0    0   0   0   0   0   0   0   0   0   0   0   0 100  53474
Odegaard      19 nor  2  4  5 24 31 300 484 548   4   1   0   20   0   0   0   0   0   2   0   0  10   0   1 100  51257
G_Roberts     26 fra  1  9 10 23 25 300 900 115 479   1   1   17   0   0   0   0   0   1   0   0   2   0   0 100  51979
M_Balotelli   25 ita  3  9  7 23 21 300 879 773  39   0   0    0   0   0   0   0   0   0   0   0   0   0   0 100  49843
Robin_Van_Gik 25 hol  2  9  9 23 31 300 683 822 365   0   0    0   0   0   0   0   0   0   0   0   0   0   0 100  48770


M_Kingsley    18 eng 21  2  1  3 30 435 400 400 400   1   0   95   0   9   1   0   0   0   0   0   0   0   0 100
P_Srnicek     16 cze 16  2  3  2 11 500 500 500 500   0   0    0   0   0   0   0   0   0   0   0   0   0   0 100
C_Lundekvam   31 spa  1 22 10 11 20 300 755 100 924   1   0   72   0   0   0   0   0   2   0   0   0   0   0 100
M_Sarr        22 ger  2 22  5 11 22 600 231 792 373   1   0   95   0   0   0   1   0   1   0   0   0   0   0  98
G_Rodriguez   27 spa  1 22 10  9 37 300 682 437 496   1   1   23   0   0   0   0   0   0   0   0   0   0   0 100
X_Alonso      33 spa  2 21 15 13 21 300 541 738 334   0   0    0   0   0   0   0   0   0   0   0   0   0   0 100
J_Terry       21 eng  1 19  9  9 33 700 936 716 764   1   0   95   0   0   0   2   0   0   0   0   0   0   0  98
R_Batty       20 eng  1 18  6  6 11 400 440 420 400   1   0   95   0   0   0   2   2   0   0   0   0   0   0  98
D_Stankovic   26 srb  2 10 22 15 31 600 134 907 704   1   0   95   0   0   0   0   0   2   0   0   2   0   0  98
L_Coca        22 bra  2 10 22 14 22 300 694 888 482   1   0   95   0   0   0   0   0   2   0   0   0   0   0  98
K_De_Bruyne   29 bel  1 14 22 14 29 300 374  47 855   0   0    0   0   0   0   0   0   0   0   0   0   0   0 100
P_Mendes      33 sco  1 12 20 14 30 300 683 960 222   0   0    0   0   0   0   0   0   0   0   0   0   0   0 100
L_Figo        32 por  2 12 20 11 47 400 974 628  21   0   0    0   0   0   0   0   0   0   0   0   0   0   0 100
J_Serwy       21 bel  2 10 19 10 22 800 138 675 396   1   0   95   0   0   0   0   2   1   1   0   0   0   0  98
G_Nulty       19 eng  2  4 18  8 30 800 798 798 798   1   0   67   0   0   0   0   0   0   0   0   2   0   0 100
J_Milburn     17 eng  2 13 17  7 41 300 320 320 301   1   0   95   0   0   0   1   2   1   0   0   0   0   0  98
C_Paler       15 rom  3  7 13  9 22 500 500 500 501   1   1   28   0   0   0   0   0   1   0   0   0   0   0 100
D_Cole        23 eng  3  6  6 21 29 800 191 157 652   1   0   77   0   0   0   0   0   1   0   0   0   0   0 100
G_Bogoescu    20 rom  2  6  7 19 21 700 660 660 746   0   0    0   0   0   0   0   0   0   0   0   0   0   0 100
P_Bortoluzo   19 arg  3  8  8 18 20 800  23  60 646   1   1   18   0   0   0   0   0   0   0   0   0   0   0 100
