Name         Age Nat St Tk Ps Sh Ag KAb TAb PAb SAb Gam Sub  Min Mom Sav Con Ktk Kps Sht Gls Ass  DP Inj Sus
------------------------------------------------------------------------------------------------------------
Safay_al_Din  32 isr 27  2  2  2 34  84 764 728 687  15   0 1345   0  93  24   0   0   0   0   0   0   0   0
F_Hastie      27 sco 25  2  2  2  8 912 420 420 420   2   1  169   0   4   5   0   0   0   0   0   0   0   0
F_Sedaborus   27 bol 20  2  2  2 16 294 441 441 441   0   0    0   0   0   0   0   0   0   0   0   0   0   0
A_Okerstrom   29 nor  2 27  6 13  7 972 525 862 219  16   0 1514   2   0   0  29   2  13   3   1   0   0   0
O_Maul        25 fra  2 25  6 13 30 297 870 709 222  16   0 1514   2   0   0  21   3  11   2   0   6   0   0
R_Cavendar    28 sco  2 24  6 12 57 867 146 421 218   4   0  378   0   0   0   4   1   3   0   0   0   0   0
S_Reisse      32 HOL  3 23 17  4  9 188  27  93 507  16   0 1514   2   0   0  30  13   8   1   0   0   0   0
Salah_ad_Din  23 irq  1 23 19  7 30 542 731 529 918  14   0 1063   1   0   0  10   9   3   0   0   6   0   0
G_Theobald    26 wal  2 21  8  6 55 333 422 266 256   0   0    0   0   0   0   0   0   0   0   0   0   0   0
A_Pawuk       24 ivo  2 21 20 15 15 171 296 281 825   0   0    0   0   0   0   0   0   0   0   0   0   0   0
U_Swilley     21 eng  1 21  7  6 32 731 147 625 820   0   0    0   0   0   0   0   0   0   0   0   0   0   0
B_Huntoon     27 eng  1 14 26  7  9 516   5 921 663  16   0 1514   0   0   0   5  30   8   3   2   0   0   0
J_Roche       25 eng  2  7 25 21 57 279 634 712 254  15   0 1397   1   0   0   5  17  26   1   3  19   0   0
R_Felisky     27 rus  2 12 25  6 17 419 914 926 262  16   0 1514   0   0   0   5  39   7   0   2   3   0   0
H_Tomozuka    24 jap  2 19 24 10 17 306 323 451 758  16   0 1514   0   0   0   6  33  13   0   4   3   0   0
R_Alfers      30 ire  2  7 21  5 11 581 470 584 413   0   0    0   0   0   0   0   0   0   0   0   0   0   0
R_Ilges       23 arg  2 13 21  7 15  81 796 193 629   0   0    0   0   0   0   0   0   0   0   0   0   0   0
N_Dziedzicki  20 ser  1 10 19  4 68 755 537 995 473   0   0    0   0   0   0   0   0   0   0   0   0   0   0
R_Guido       20 por  1 12 18  5 10 881 713 655 258   0   0    0   0   0   0   0   0   0   0   0   0   0   0
I_Penegar     24 wal  2  9 20 23  9 153 140 364 954  16   0 1514   0   0   0   3  11  40   2   1   0   0   0
B_Wig         22 eng  1 11 18 23 14 810 704 893 114  14   0 1285   1   0   0   5  10  30   5   0   3   0   0
A_Maud        29 sco  2 11  4 21 23 869  43 678 569   9   8  398   0   0   0   2   2  12   3   0   0   0   0
