Name         Age Nat St Tk Ps Sh Ag KAb TAb PAb SAb Gam Sub  Min Mom Sav Con Ktk Kps Sht Gls Ass  DP Inj Sus
------------------------------------------------------------------------------------------------------------
D_Pippi       16 ita 16  1  1  1 26 802 316 316 316   5   0  476   0  30   9   0   0   0   0   0   0   0   0
I_Durand      18 eng 13  1  1  1 13 389 444 444 444   0   0    0   0   0   0   0   0   0   0   0   0   0   0
N_Quivey      19 ire  1 18  7  5 20 587 793 107 965   5   0  476   0   0   0   8   4   2   0   1   0   0   0
B_Bellic      18 aus  1 16  3  6 33 586 604 848 660   5   0  476   0   0   0   6   1   4   0   0   0   0   0
P_Turgeon     17 ire  1 16 10  8 24 316 627 440 735   5   0  421   1   0   0   9   1   2   0   0  10   0   1
D_Synatzske   19 pol  1 16  3  7 30 460  37 922 529   5   0  476   0   0   0   7   1   2   0   0   0   0   0
B_Wymese      19 fra  1 15  6  5 16 516  10 340 485   0   0    0   0   0   0   0   0   0   0   0   0   0   0
D_Guttromson  18 swe  1 14  2  6 23 316 531 551 444   0   0    0   0   0   0   0   0   0   0   0   0   0   0
Y_Youtsey     17 eng  1 13  9  5 49 460 523 744 886   0   0    0   0   0   0   0   0   0   0   0   0   0   0
A_Dusek       17 eng  1  4 16  7 19 460 918  48 554   5   0  476   0   0   0   1   7   2   0   1   3   0   0
F_Burres      17 eng  1  7 16 10 32 460 573  41 620   3   0  277   0   0   0   3   2   4   1   0   0   3   0
M_Hutman      17 eng  1  5 15 10 25 460 403 993 844   5   0  476   0   0   0   2   3   8   2   0   3   0   0
H_Styles      19 eng  1  4 15  2 17 460 879 613 944   5   0  404   0   0   0   2   3   1   0   0   0   0   0
J_Auge        18 nor  1  3 15  3 16 316 351 679 969   2   0  169   0   0   0   0   1   0   0   0   0   0   0
M_Human       18 ger  1  5 15  7 16 316 588 372 427   5   1  400   0   0   0   2   6   0   0   0   0   0   0
U_Sustaita    18 chi  1  4 14  4 53 316 623 366 257   1   1   14   0   0   0   0   0   0   0   0   0   0   0
M_Burletick   17 eng  1  5 12  4 14 460   7 642 390   0   0    0   0   0   0   0   0   0   0   0   0   0   0
L_Wuerstle    16 bel  1  5 12 11  9 316 319 556 176   0   0    0   0   0   0   0   0   0   0   0   0   0   0
E_Aylesbury   19 ger  1  5  6 16 32 579 701 632 926   2   1  164   0   0   0   0   0   2   0   0   0   0   0
N_Turner      19 eng  1  5  9 16 12 740 474 703 864   5   0  476   0   0   0   1   2  13   1   0   0   0   0
H_Mumpower    17 eng  1  4  9 13 12 460 884 937 981   0   0    0   0   0   0   0   0   0   0   0   0   0   0
