Player_1 25 xxx 25 1 1 1 20 800 300 300 300 
Player_2 18 xxx 17 1 1 1 22 700 300 300 300 
Player_3 29 xxx 26 1 1 1 21 300 300 300 300 
Player_4 33 xxx 1 26 9 14 33 300 800 400 600 
Player_5 23 xxx 1 22 14 14 27 300 700 200 500 
Player_6 26 xxx 1 24 6 10 32 300 100 700 900 
Player_7 17 xxx 1 16 9 11 29 300 200 100 100 
Player_8 16 xxx 1 15 10 3 18 300 300 300 800 
Player_9 30 xxx 1 10 27 8 20 300 800 700 400 
Player_10 23 xxx 1 11 25 7 23 300 500 600 200 
Player_11 20 xxx 1 8 21 5 21 300 300 400 200 
Player_12 17 xxx 1 8 16 5 18 300 200 700 400 
Player_13 16 xxx 1 6 15 13 12 300 100 100 200 
Player_14 26 xxx 1 10 10 26 21 300 400 600 500
Player_15 20 xxx 1 10 15 19 21 300 600 300 700
Player_16 18 xxx 1 9 5 17 10 300 200 900 700
Player_17 16 xxx 1 2 9 15 20 300 200 600 600
