G_Heavlin     28 eng 27  2  2  2  9 868 554 554 554   0   0   0   0   0   0   0   0   0   0
L_Sealey      22 aus 24  1  1  1 16 311 588 588 588   0   0   0   0   0   0   0   0   0   0
D_Typpo       19 usa 17  1  1  1  8 954 600 600 600   0   0   0   0   0   0   0   0   0   0

A_Roberson    28 sco  1 25  5 17 39 696 683 893 230   0   0   0   0   0   0   0   0   0   0
D_Hufnagel    19 ger  1 18 12  3 33 690 475 932 222   0   0   0   0   0   0   0   0   0   0
D_Grayson     25 usa  2 22 19  5 19 165 501 454 674   0   0   0   0   0   0   0   0   0   0
T_Lurvey      23 usa  1 23 15  4 16 619 231 113  39   0   0   0   0   0   0   0   0   0   0
L_Sents       30 por  2 25 16  9 25 688 594 769 365   0   0   0   0   0   0   0   0   0   0
I_Wazenegger  22 pol  1 22 17 10 14 732 267 513 812   0   0   0   0   0   0   0   0   0   0
P_Gruissem    19 ger  1 18 13  4 15 660 646 614 649   0   0   0   0   0   0   0   0   0   0
T_Vixen       28 wal  2 25 15  3 26  30 202 146 419   0   0   0   0   0   0   0   0   0   0
H_Schranz     26 ger  2 24 13  6 29 359 405 641 875   0   0   0   0   0   0   0   0   0   0
C_Felix       29 usa  1 26 11  6 31 552  57   9 826   0   0   0   0   0   0   0   0   0   0

C_Vincitori   21 ita  1 18 22  9 13 786 805 116 180   0   0   0   0   0   0   0   0   0   0
T_C_Pattison  25 eng  2 17 24  7 12 273  57 669 930   0   0   0   0   0   0   0   0   0   0
C_Seekell     27 saf  2 15 26  6 53 698  69 474 114   0   0   0   0   0   0   0   0   0   0
CJ_McCollum   30 ire  1 15 24 18 39 624  24 859  14   0   0   0   0   0   0   0   0   0   0
B_Harvey      30 aus  2 16 26 13 31 846 595 455 564   0   0   0   0   0   0   0   0   0   0
L_Bundren     19 can  1  8 18  4 13 624 606 245  47   0   0   0   0   0   0   0   0   0   0
G_Kendrick    23 sco  2  5 23 17 26  99 260 377 592   0   0   0   0   0   0   0   0   0   0
N_Caballero   26 spa  1 12 24  6  3 930 171 663 321   0   0   0   0   0   0   0   0   0   0
S_Gehring     27 ger  2 20 23 11 27  18 421 603 307   0   0   0   0   0   0   0   0   0   0

A_Nakamura    27 jap  1  3 13 24 22 886  47 410 540   0   0   0   0   0   0   0   0   0   0
B_Wig         21 eng  1 10 15 21 14 726 942 510 208   0   0   0   0   0   0   0   0   0   0
Zizinho       27 bra  2  9 12 26 27 403 957 974 587   0   0   0   0   0   0   0   0   0   0
H_Sugajima    23 jap  1  5 13 23 18 847 916 529 437   0   0   0   0   0   0   0   0   0   0
O_Leapson     31 eng  2 15  6 27 12 733 922 373  82   0   0   0   0   0   0   0   0   0   0
B_Shadick     31 saf  3  5 11 25 17 199 925 403 670   0   0   0   0   0   0   0   0   0   0
C_Owen        19 can  1  8  8 18  8 624  19   8 282   0   0   0   0   0   0   0   0   0   0
M_Palermo     26 arg  1  8 17 24 24 696 731 829 669   0   0   0   0   0   0   0   0   0   0
