Name         Age Nat St Tk Ps Sh Ag KAb TAb PAb SAb Gam Sub  Min Mom Sav Con Ktk Kps Sht Gls Ass  DP Inj Sus
------------------------------------------------------------------------------------------------------------
K_Bushito     19 jap 19  1  1  1 24 395 492 492 492   6   0  563   0  11   5   0   0   0   0   0   0   0   0
H_Ariwara     19 jap 16  1  1  1 11 741 492 492 492   0   0    0   0   0   0   0   0   0   0   0   0   0   0
Y_Kaihori     17 jap 16  1  1  1 38 580 340 340 340   0   0    0   0   0   0   0   0   0   0   0   0   0   0
Y_Kishigami   19 jap  1 20 18 10 17 600 227 519 769   5   0  406   0   0   0   3   4   5   2   0   0   0   0
Y_Baisotei    19 jap  1 18 15  8 16 492 118 158 355   6   0  563   2   0   0   7   8   6   1   2   0   0   0
N_Makino      18 jap  1 17 12  6 21 636 558 528 681   6   0  563   1   0   0   5   8   2   0   0   6   0   0
H_Azumi       19 jap  1 16  5 10 17 636 969 597 473   5   0  366   0   0   0   3   1   1   0   0   3   0   0
K_Choshi      18 jap  1 16  7  6 18 492 965 828 102   6   4  289   0   0   0   5   1   1   0   0   0   0   0
H_Utsugi      18 jap  1 16  5  3  8 340 761 507 582   2   2   65   0   0   0   0   0   0   0   0   0   0   0
K_Mizaguchi   16 jap  1 16 10 10 15 340  57 541   6   6   0  563   0   0   0   2   3   4   1   0   0   0   0
I_Hiraki      17 jap  1 15  4  6 41 492 839  48 152   0   0    0   0   0   0   0   0   0   0   0   0   0   0
J_Enoki       18 jap  1 15  3  5  9 492 646 913 963   0   0    0   0   0   0   0   0   0   0   0   0   0   0
J_Miyama      17 jap  1 15  3  4 20 340 506 436 579   0   0    0   0   0   0   0   0   0   0   0   0   0   0
I_Honami      19 jap  1  6 18  5 13 780 904  21 206   6   6  195   0   0   0   1  10   1   0   1   0   0   0
O_Isoda       19 jap  1  9 18  6 32 780 252  30 243   6   0  368   0   0   0   2   8   3   1   0   0   0   0
Y_Ikina       19 JAP  1  6 18 12 15 492 552  34 867   6   0  563   0   0   0   0   3  11   0   1   0   0   0
H_Endo        18 jap  1  7 16  5 63 636 251 892 900   0   0    0   0   0   0   0   0   0   0   0   0   0   0
K_Jukodo      18 jap  1  2 16  6 35 492 960 685 899   0   0    0   0   0   0   0   0   0   0   0   0   0   0
S_Nagasato    18 jap  1 10 15  7 17 340 790 799 114   0   0    0   0   0   0   0   0   0   0   0   0   0   0
S_Iwashimizu  16 jap  1 11 15  3 19 340 722 732 663   6   0  563   0   0   0   4   3   3   0   0   0   0   0
Y_Sameshima   16 jap  1  4 15  5 17 340 289 572 598   0   0    0   0   0   0   0   0   0   0   0   0   0   0
K_Sukaguchi   16 jap  1  9 14  2  8 324 428 718 374   0   0    0   0   0   0   0   0   0   0   0   0   0   0
A_Kazayuki    16 jap  1  6 13  6 10 324 379 299 709   0   0    0   0   0   0   0   0   0   0   0   0   0   0
T_Sugibayashi 16 jap  1 13 15 16 39 340 609  69  37   6   0  563   0   0   0   3   5  16   0   1   3   0   0
E_Kihara      19 jap  1  5 13 16 13 492 348 345 974   5   0  353   0   0   0   1   3  12   1   0   0   1   0
S_Iwabuchi    17 jap  1 12  9 16  8 340 749 374 827   5   4  210   1   0   0   1   1  11   2   0   0   0   0
H_Masuzoe     17 jap  1  5  7 15 21 492  45  67 599   0   0    0   0   0   0   0   0   0   0   0   0   0   0
