Name         Age Nat St Tk Ps Sh Ag KAb TAb PAb SAb Gam Sub  Min Mom Sav Con Ktk Kps Sht Gls Ass  DP Inj Sus
------------------------------------------------------------------------------------------------------------
J_Aylott      18 eng 18  1  1  1 25 187 404 404 404  15   0 1382   0 106  27   0   0   0   0   0   0   0   0
E_Ausmus      17 swi 16  1  1  1  8 245 556 556 556   1   1   64   0   4   0   0   0   0   0   0   0   0   0
F_Zyblewski   16 pol 13  1  1  1 37 965 404 404 404   0   0    0   0   0   0   0   0   0   0   0   0   0   0
K_Sunderland  19 eng  1 19  6 10 27 700 642 963 907  15   0 1446   1   0   0  26   7  14   4   1   0   0   0
M_Pue         19 jap  1 19 11  8 26 844 121 290 767  15   0 1446   0   0   0  22  15  11   1   1   0   0   0
J_Workstel    19 cro  1 18 13  5 31 844 349 700 563  15   0 1446   1   0   0  18  13   6   0   2   0   0   0
T_Huhlein     18 aut  1 18 14  5 41 556 285  19 528  14   0 1335   1   0   0  28  12  11   1   3  13   0   0
P_Culberth    18 sco  1 17  9  5 24 700 421 480 872   5   3  260   0   0   0   2   2   0   0   0   0   0   0
H_Bustard     19 fra  1 17  9  6 23 556 141 498 714   1   0   96   1   0   0   2   4   3   0   1   0   0   0
I_Burvill     18 wal  1 16  4  3 27 404  26  76 559   0   0    0   0   0   0   0   0   0   0   0   0   0   0
T_Ryle        19 nir  1  5 19 11 23 844 101 342 620  15   0 1446   0   0   0   1  38  11   3   2   0   0   0
C_Busineau    19 bel  1  5 18  9 48 556 479 654 412  14   0 1296   0   0   0   2  28  10   2   1  10   0   0
R_Prowse      19 SCO  1  5 17  8 18 556 239 262 118   4   0  384   0   0   0   0   8   2   0   1   0   0   0
F_Lynd        17 den  1  3 16  6 19 404 565 171 687   0   0    0   0   0   0   0   0   0   0   0   0   0   0
O_Hymes       16 usa  1  8 15  2 55 404  20 620 560   0   0    0   0   0   0   0   0   0   0   0   0   0   0
P_Kunold      18 ger  1  6 15 13 24 700  43 507 780  13   0 1256   0   0   0   3  19  22   2   2   6   0   0
I_Kuhl        17 ger  1  2 15  5 44 404 226 148 976   0   0    0   0   0   0   0   0   0   0   0   0   0   0
E_Gwin        17 wal  1  5 14  7 22 556 197 523 730   0   0    0   0   0   0   0   0   0   0   0   0   0   0
H_Caine       17 eng  1 10 10 17 35 404 952 226 887  15   0 1441   0   0   0   2  10  47   5   2   3   0   0
D_Juul        18 hol  1  3  7 17 48 556 317 928 503  13   0 1220   1   0   0   3   7  29   5   1   9   0   0
B_Burdo       17 can  1  9  7 17 35 404 109  48 126  14   0 1235   0   0   0   6   5  34   5   1  16   0   0
Q_Crux        18 spa  1  3  6 16 10 404 564 128 938   1   1    5   0   0   0   0   0   0   0   0   0   0   0
