Name         Age Nat St Tk Ps Sh Ag KAb TAb PAb SAb Gam Sub  Min Mom Sav Con Ktk Kps Sht Gls Ass  DP Inj Sus
------------------------------------------------------------------------------------------------------------
C_Von_Ringh   16 xxx 17  1  1  1 60 329 378 378 378  14   0 1326   0  68  35   0   0   0   0   0   0   0   0
J_Syd         19 fra 17  1  1  1 31  99 498 498 498   0   0    0   0   0   0   0   0   0   0   0   0   0   0
X_Fulghlus    17 xxx 14  1  1  1 48 971 378 378 378   0   0    0   0   0   0   0   0   0   0   0   0   0   0
P_Avenius     19 den  1 19 12 10 30 714 211 560 454  13   0 1195   0   0   0  13  12  10   1   0  13   0   0
A_Mumbauer    18 xxx  1 18  6  4 16 378 725 282 717  14   0 1278   0   0   0  28   2   3   0   1   3   0   0
B_Turkalj     17 tur  1 16  5  3 20 498 462  90 217  14   0 1326   0   0   0  25   3   7   0   0   3   0   0
C_Rybicki     16 xxx  1 16  4  8  8 378 341 624 308  13   0 1231   1   0   0  20   0   9   0   0   0   0   0
P_Wunderle    18 bel  1 16  3 10 10 498 184 647 430   3   1  238   0   0   0   3   1   2   0   0   0   0   0
R_Wozny       18 pol  1 14 10  4  8 498 555 199 371   0   0    0   0   0   0   0   0   0   0   0   0   0   0
P_Burson      19 ire  1  4 18  9 15 714 445 984 564  14   0 1326   0   0   0   0  22   9   0   1   0   0   0
U_Szapira     18 fra  1  4 18  8 10 606 763 125 333  14   0 1326   0   0   0   2  18  10   0   1   0   0   0
M_Symes       18 eng  1  4 17  6 23 606 139 467 548  14   0 1306   0   0   0   3  16   9   0   1   6   0   0
L_Bystryk     18 xxx  1 10 17  3 40 378 326 126 550  11   0 1015   0   0   0   6  19   1   0   0  18   0   0
P_Crumpacker  18 ger  1  4 16  8 22 606 153 531 171   5   2  331   0   0   0   0   2   1   0   0   0   0   0
P_Surles      17 xxx  1  4 16  2 13 378 984 490 614   8   0  690   0   0   0   3  10   3   0   0  10   0   0
P_Worker      17 xxx  1  7 16  4  8 378  42  64 127   0   0    0   0   0   0   0   0   0   0   0   0   0   0
P_Durnil      18 eng  1  6 15 10 30 498 538  37  46   0   0    0   0   0   0   0   0   0   0   0   0   0   0
X_Sweadner    16 xxx  1  2 15  3 19 378 543  46 989   0   0    0   0   0   0   0   0   0   0   0   0   0   0
Y_Mourer      19 NIR  1  3  6 18 26 498 141 185 169  13   0 1098   0   0   0   1   3  30   3   0   0   2   0
C_Ruh         19 gha  1  5 10 17 26 714 428 332 587   7   1  633   0   0   0   0   2  12   1   0   0   0   0
E_Lurgio      17 xxx  1  4 10 16 12 378 526 340  83   2   1  166   0   0   0   0   0   2   1   0   0   0   0
