Name         Age Nat St Tk Ps Sh Ag KAb TAb PAb SAb Gam Sub  Min Mom Sav Con Ktk Kps Sht Gls Ass  DP Inj Sus
------------------------------------------------------------------------------------------------------------
E_Heabel      31 col 22  2  2  2 25 190 958 993 958   6   0  599   0  37   7   0   0   0   0   0   0   0   0
C_Childress   31 sco 20  3  3  3 10 697  54  54  78   0   0    0   0   0   0   0   0   0   0   0   0   0   0
D_Kiely       21 ire 19  1  1  1 26 736 919 919 919   0   0    0   0   0   0   0   0   0   0   0   0   0   0
A_Roberson    29 sco  1 26  6 17 36 865 353  87 472   6   0  599   1   0   0  14   2   8   1   0   6   0   0
Y_Diaghilev   28 rus  2 25 15  9 30 370  12 732 623   5   0  480   0   0   0   5   8   4   0   2  13   0   0
V_Hausrath    27 ger  2 24 21 10 12 280 159 947 960   6   0  599   1   0   0  10   2   4   1   0   0   0   0
P_Beich       25 usa  1 23 18  5 28 949 753 110 202   6   0  400   0   0   0   3   5   5   0   0   0   0   0
T_Rukovskaya  29 rus  2 23 13 10 25 403 121 743 972   5   4  294   0   0   0   4   1   0   0   0   3   0   0
O_Nebur       24 arg  1 22  5 10 20 973 651 932 307   0   0    0   0   0   0   0   0   0   0   0   0   0   0
G_Bootman     32 eng  2 20 14  6 35 527 623 889 453   0   0    0   0   0   0   0   0   0   0   0   0   0   0
C_Mull        20 sco  1 19 12  4  9 649 935 183 465   0   0    0   0   0   0   0   0   0   0   0   0   0   0
X_Ayscough    20 ire  1 19  4 16  6 541 836 507  80   0   0    0   0   0   0   0   0   0   0   0   0   0   0
K_Huitt       21 aus  1 18 10 13  8 685 286 160 810   0   0    0   0   0   0   0   0   0   0   0   0   0   0
I_Demidenko   30 rus  2 15 24  7 13 416 870 961 598   6   0  599   0   0   0   1   6   3   0   0   0   0   0
Cando_Santos  31 bra  2 17 24  5 27 704 226 916 519   6   0  599   0   0   0   1  13   1   0   1   0   0   0
P_DeLara      24 por  2  7 23 11 21 172 295 176 677   6   0  599   0   0   0   3   7   4   0   0   0   0   0
L_Massirer    23 por  1 18 22  4 44 919 774 833 557   6   0  400   0   0   0   2   7   0   0   0   3   0   0
P_Nuno        23 por  1  9 22  5 13 901  32  81 942   4   4  199   0   0   0   1   4   1   0   0   0   0   0
A_Psencia     21 rom  1  7 20  6 13 793 701 450 798   0   0    0   0   0   0   0   0   0   0   0   0   0   0
U_Durette     20 aus  1  8 19  4 27 541 296 277 520   0   0    0   0   0   0   0   0   0   0   0   0   0   0
A_Swartwood   20 jam  1  8 19  5 12 649 970  11 153   0   0    0   0   0   0   0   0   0   0   0   0   0   0
Y_Becher      27 hol  2  9 12 25 19 293  88 711 940   5   0  397   0   0   0   0   3  12   1   0   0   0   0
S_Varsek      28 ukr  2  8 19 25 23 223 233 958 790   5   0  446   1   0   0   0   5  22   4   0  13   0   0
N_Massey      24 ire  1 10  7 21 13 973 102 192 267   3   1  297   0   0   0   0   2   8   0   1   0   0   0
P_Tutwiler    21 wal  1  7 12 21  7 937 771 449  40   0   0    0   0   0   0   0   0   0   0   0   0   0   0
