Name         Age Nat St Tk Ps Sh Ag KAb TAb PAb SAb Gam Sub  Min Mom Sav Con Ktk Kps Sht Gls Ass  DP Inj Sus
------------------------------------------------------------------------------------------------------------
AJ_van_Cam    31 hol 24  2  2  2 47  57 891 891 891  15   0 1457   0  62  32   0   0   0   0   0   3   0   0
N_Bunks       21 eng 23  1  1  1 46 564 758 758 758   0   0    0   0   0   0   0   0   0   0   0   0   0   0
G_Vargason    30 ice 20  2  2  2 15 563 817 817 817   0   0    0   0   0   0   0   0   0   0   0   0   0   0
H_Thorsheim   29 can 20  2  2  2 27 613 916 900 900   0   0    0   0   0   0   0   0   0   0   0   0   0   0
M_Redmann     26 aus  2 24 16  9 37 107 668 169 117  15   0 1457   1   0   0  23   8   9   1   0   3   0   0
O_Marrs       25 sen  2 24 22  7 17  89 325 209 541  14   0 1318   1   0   0  17  14   6   1   1  10   0   0
J_Catt        28 eng  2 24 17 10 17 698 185  90 377  15   0 1457   1   0   0  19  16  16   1   1   0   0   0
T_Shatswell   31 wal  2 22 18 11 56 839 569 133 143  14   0 1354   2   0   0  14  20  17   0   1  19   0   0
B_DelFierro   26 ita  2 22 13  5 16 467  44 939 891   2   0  191   0   0   0   1   1   0   0   0   3   0   0
V_Peedin      23 rom  2 21  9  5 22  71 829 103 832   0   0    0   0   0   0   0   0   0   0   0   0   0   0
N_Kodama      21 jap  1 21 15  8  9 866 924 999 854   0   0    0   0   0   0   0   0   0   0   0   0   0   0
D_Razumikhin  29 rus  2 20 14  6 30 586 687 714 271   0   0    0   0   0   0   0   0   0   0   0   0   0   0
H_Guntly      21 sco  1 20 16  7 45 872 971 787   3   0   0    0   0   0   0   0   0   0   0   0   0   0   0
P_Dupy        20 usa  1 20  5  9 13 758 499 697 569   0   0    0   0   0   0   0   0   0   0   0   0   0   0
I_Russnogle   20 usa  1 19  8 16 23 650 805 332 447   0   0    0   0   0   0   0   0   0   0   0   0   0   0
N_Cusick      20 eng  1 17  8  5 23 758 728 586 683   0   0    0   0   0   0   0   0   0   0   0   0   0   0
C_Matheral    27 sco  2 14 24  7 16 215 714 469 891  15   0 1457   0   0   0   4  18   7   1   1   3   0   0
J_LeBron      28 fra  1 10 24 15 44 854 523 530 639  15   0 1457   0   0   0   4  24  12   1   1   3   0   0
O_Redlon      26 isr  2 18 23 12 39 485 136 951 454  15   0 1457   0   0   0   9  26  15   2   1   3   0   0
Thiago_Silva  25 bra  2 16 23  5 12 131 981 556 769  14   0 1316   1   0   0  11  20  11   3   2   3   0   0
V_Gerhard     22 wal  1  8 21 12 13 962 834 983 220   0   0    0   0   0   0   0   0   0   0   0   0   0   0
H_Fuerst      21 hol  1 15 21  6 34 758  83 795 311   0   0    0   0   0   0   0   0   0   0   0   0   0   0
Y_Hersi       31 hol  2 11 20 12 21 496 820 588 486   2   1  141   0   0   0   0   4   0   0   0   0   0   0
F_Cassity     25 sco  2 17 20  6 18 185 732 159 949   0   0    0   0   0   0   0   0   0   0   0   0   0   0
N_Currington  20 eng  1 15 20  6 52 884   4 438 301   0   0    0   0   0   0   0   0   0   0   0   0   0   0
X_Burnaime    21 jam  1 13 20 11 10 746 210 278 379   0   0    0   0   0   0   0   0   0   0   0   0   0   0
Q_Cullington  20 usa  1 11 19  7 19 650 523 827 270   0   0    0   0   0   0   0   0   0   0   0   0   0   0
A_Nakamura    28 jap  2  3 13 25 25  99 196 610 448  15   0 1367   1   0   0   0   3  50   5   0   9   0   0
P_Vart        23 usa  2 13 18 22 22 233 657 125 842  15   0 1457   1   0   0   8   8  40   5   0   0   0   0
I_Kerchhoff   25 aut  2  9 16 21 19 323 919 699 893   2   2   90   0   0   0   0   0   3   1   0   0   0   0
S_Hynes       22 eng  1 19 10 21 15 746 931 757 885   0   0    0   0   0   0   0   0   0   0   0   0   0   0
X_Dwy         20 chi  1  7 12 20 31 902 158 112 334   0   0    0   0   0   0   0   0   0   0   0   0   0   0
U_Croyle      20 sco  1 16  5 20 12 884 137 699 221   0   0    0   0   0   0   0   0   0   0   0   0   0   0
