Name         Age Nat St Tk Ps Sh Ag KAb TAb PAb SAb Gam Sub  Min Mom Sav Con Ktk Kps Sht Gls Ass  DP Inj Sus
------------------------------------------------------------------------------------------------------------
K_Kunkler     19 usa 16  1  1  1 60 746 448 448 448   2   0  189   0   9   1   0   0   0   0   0   0   0   0
X_Subaru      18 usa 15  1  1  1 11 491 448 448 448   0   0    0   0   0   0   0   0   0   0   0   0   0   0
Player_1      19 xxx  1  1  1  1 50 620 508 508 508   0   0    0   0   0   0   0   0   0   0   0   0   0   0
Player_2      19 xxx  1  1  1  1 50 620 508 508 508   0   0    0   0   0   0   0   0   0   0   0   0   0   0
W_Huskisson   19 sco  1 18  6  4 19 567 206 823 425   2   0  189   0   0   0   1   1   0   0   1   0   0   0
W_Stutler     18 xxx  1 17  8  9 30 308 606 219 521   2   0  189   1   0   0   5   1   3   0   0   0   0   0
A_Dygert      19 usa  1 16  5  5 24 448 735 849 109   2   0  189   0   0   0   1   1   3   1   0   0   0   0
W_Wukelich    17 xxx  1 14  4  4 36 308 460 373 163   2   0  189   0   0   0   2   1   0   0   0   0   0   0
V_Wyrembek    19 usa  1 12 16  5 11 567 519 614 471   2   0  189   0   0   0   1   3   0   0   0   0   0   0
U_Myhand      17 usa  1  6 15  5  7 448 436 650 859   2   0  189   0   0   0   0   1   1   1   0   0   0   0
T_Suttaby     18 xxx  1  5 15  1 15 308 228 418 584   2   0  189   0   0   0   0   5   0   0   0   0   0   0
V_Hull        17 xxx  1  4 14  2 16 308 357 451 483   2   0  189   0   0   0   0   5   0   0   1   0   0   0
H_Stutheit    17 xxx  1  9 14  1 46 308 276 268 356   0   0    0   0   0   0   0   0   0   0   0   0   0   0
F_Rychetsky   18 usa  1  7  2 14 21 448 474 788 792   2   0  189   0   0   0   0   0   2   0   0   0   0   0
C_Mullaney    17 xxx  1  4  4 14 19 308 188 342 733   2   0  189   0   0   0   1   0   4   0   0   0   0   0
D_Sweaney     16 xxx  1  8  8 12 22 308 327 375 490   0   0    0   0   0   0   0   0   0   0   0   0   0   0
