Name         Age Nat St Tk Ps Sh Ag KAb TAb PAb SAb Gam Sub  Min Mom Sav Con Ktk Kps Sht Gls Ass  DP Inj Sus
------------------------------------------------------------------------------------------------------------
H_Weigandt    25 hol 27  2  2  2 65 182 679 679 679   6   0  478   0  43   7   0   0   0   0   0  10   0   0
Q_Demmitt     32 slo 21  3  3  3 48  25 319 403 563   2   1  179   0   9   9   0   0   0   0   0   0   0   0
F_Turnbull    28 eng  1 26  5 18 20 470 585 305 207   7   0  647   0   0   0  14   2   9   1   0   0   1   0
I_Jansheski   23 eng  2 24 21  6 15   9  43 392 309   7   0  665   2   0   0  12   8   4   2   1   0   0   0
P_Edmunds     27 eng  2 23 18  6 49 935 522 293  71   6   0  487   0   0   0   4   5   4   0   1  13   0   0
S_Adieu       24 fra  1 23 11  9 25 605 262 275 391   7   4  332   0   0   0   7   5   2   0   2   3   0   0
P_Fecher      24 fra  2 23 13  6 23 430 211 119 729   6   0  431   0   0   0   6   4   2   0   0   0   0   0
Q_Delisle     23 cam  2 22  7 16 16  38 298 628 180   3   2  141   0   0   0   1   0   4   0   0   0   0   0
T_Redding     32 CAN  3 21 12  9 10 638 828 657 481   2   2   74   0   0   0   3   0   1   0   0   0   0   0
Janbalasz     31 pol  1 10 26  8 22 461 620 757 123   5   0  437   0   0   0   4  11   0   0   3   0   0   0
P_McDuffie    30 ire  2 12 26  5 23 887 600 126 702   7   0  665   0   0   0   1  14   4   2   1   0   0   0
L_JeanCharles 28 can  1  1 26 16 29 893 802 279 476   5   0  415   0   0   0   0  11  11   2   1  10   0   0
T_C_Pattison  26 eng  2 17 25  8 15 434 236 260 118   4   0  296   0   0   0   0   7   6   0   0   0   0   0
E_Reinardy    25 saf  2 13 21  7 24 718 302 980 779   5   5  136   0   0   0   3   3   0   0   0   0   0   0
I_Texter      29 can  2  8 21  5 31 771 857 658 310   0   0    0   0   0   0   0   0   0   0   0   0   0   0
P_Yazlovasky  30 rus  3  6 21 15 10 214 175  97 826   6   1  461   0   0   0   0   6   3   1   1   3   0   0
F_Dykeman     25 sco  1  3  3 26 18 461 366 363 116   7   0  635   0   0   0   0   0  25   3   0   0   0   0
A_Mustang     26 por  1 16 12 25 29 390 241 631  85   7   0  575   1   0   0   1   5  21   3   1   0   0   0
J_Dos_Santos  23 aus  1  6 13 23 10 749 478 295 196   1   1   30   0   0   0   1   0   4   1   0   0   0   0
H_Puntney     29 ire  1  2  4 22  5 949  46 919 199   0   0    0   0   0   0   0   0   0   0   0   0   0   0
O_Nyhus       26 hol  1  1  3 22  4 893 823  42 901   0   0    0   0   0   0   0   0   0   0   0   0   0   0
V_Sciacca     25 ita  2  8 11 22 24 430 471 436 997   0   0    0   0   0   0   0   0   0   0   0   0   0   0
