Name         Age Nat St Tk Ps Sh Ag KAb TAb PAb SAb Gam Sub  Min Mom Sav Con Ktk Kps Sht Gls Ass  DP Inj Sus
------------------------------------------------------------------------------------------------------------
T_Theoharris  25 aus 25  2  2  2 27 810 303 338 303   6   0  493   0  29  14   0   0   0   0   0   3   0   0
R_Wayne       28 eng 20  2  2  2 20 630 715 724 715   2   1  168   0   1   2   0   0   0   0   0   0   0   0
Phluid        29 bel  1 28  3  3  7 780 739 836 599   6   1  455   0   0   0   5   2   0   0   0  10   0   0
M_Seder       25 nir  2 25 21 10 11 195  63 106 911   7   0  604   1   0   0   9   6   2   0   0   0   0   0
D_Kemmerer    23 usa  1 24 21 17 14 955 157 686 448   7   0  628   1   0   0   8   9   8   0   2   0   0   0
Atreyoo       24 arg  1 24 20  4 20 690  33 617 875   3   0  222   1   0   0   3   1   0   0   0   3   0   0
L_Ryan        26 eng  2 23 22 20 13 537 624 819 984   7   0  661   0   0   0   4   8   7   1   1   3   0   0
Avinho        24 bra  2 22 20  8 21  15 652 898 558   7   1  511   0   0   0   2   4   5   0   0   3   0   0
C_Burda       22 por  1 20  9  4 43 807 693 547 693   0   0    0   0   0   0   0   0   0   0   0   0   0   0
W_Keifer      24 hol  2 19 19  9 10 195 951 433 762   0   0    0   0   0   0   0   0   0   0   0   0   0   0
C_Seekell     28 saf  2 15 26  6 52 885 213 866 212   6   2  392   0   0   0   2   9   2   0   2  10   0   0
K_Raikkonen   29 fin  1 20 26 10 12 928 469 290 367   7   0  556   0   0   0   2   6   6   0   1   0   0   0
Diablo        26 uru  1 20 25  8 35 738 660 535 770   6   0  546   0   0   0   2   8   3   1   0   3   0   0
T_Hawley      27 nir  2 22 23  6  8 429 765  23 229   6   6  193   0   0   0   2   0   0   0   0   0   0   0
P_Buswell     23 aus  1  9 23  3 10 797 873 834 443   7   3  363   0   0   0   0   5   0   0   0   0   0   0
E_Beisch      27 bel  2  8 22  6 16 537 516 952  70   0   0    0   0   0   0   0   0   0   0   0   0   0   0
L_Schoppe     23 ger  2  8 22 14 23 213 219 313 959   1   1   58   0   0   0   1   0   1   1   0   0   0   0
C_Murray      22 eng  1 11 20  5 20 871 790 758 694   0   0    0   0   0   0   0   0   0   0   0   0   0   0
G_Beening     25 nir  2  7 19 19 27 195 616 654 578   0   0    0   0   0   0   0   0   0   0   0   0   0   0
B_Rummage     21 sco  1  6 19 14 19 787 991 758 544   0   0    0   0   0   0   0   0   0   0   0   0   0   0
B_Zyma        20 hol  1  8 19  4 45 546  34 295 666   0   0    0   0   0   0   0   0   0   0   0   0   0   0
Papa_Lazarou  25 eng  2  6 21 25 44 219  67 705 235   7   0  610   0   0   0   0   4  20   2   0   0   0   0
R_Gelman      23 aus  1 14 21 23 10 919 547 309 320   7   0  601   0   0   0   0   4  16   1   0   0   0   0
Lamborghini   22 ita  1  7 15 22 24 604 936 672 951   5   5   94   0   0   0   0   0   4   1   0   0   0   0
L_Vaz_Te      29 mex  2  6 11 21 42 648 868 751 980   1   1   17   0   0   0   0   0   0   0   0   0   0   0
