K_Toure       33 ivo  1 14  5  5 20 300 357 670 674

L_Stindi      25 ger  1  6 15  7 21 300 300 300 300

A_Smithies    24 eng 20  1  1  1 12 845 300 300 300

M_Hudson      32 eng  1 13  4  3 12 300 748 803 745   
A_Gerrard     28 ire  1 13  7  5 13 300  55 982 946   
J_Lynch       27 wal  1 12  3  4 26 300 703 881 992   
L_Allinson    21 eng  1 12  1  1 16 300 560 712 705  
P_Dixon       27 sco  1 12  4  2 14 300 178 825 944

A_Hammill     26 eng  1  5 13  9 21 300  82 151 709   
J_Butterfield 24 eng  1  7 13  3 19 300 986  54 953   
R_Majewski    27 pol  1  4 12  8 25 300 844  12 658   

G_Mercado     27 arg  1 15  5  3 26 300 199 837 871   8   0  734   1   0   0  14   5   5   0   1   4   0   0  97
L_Vangioni    27 arg  1 15  6  3 18 300 172 924 989   8   0  623   0   0   0  10   3   2   0   0   2   1   0 100
J_Henderson   24 eng  1  5 16  5 27 300 952 347 568  10   1  837   0   0   0   4  16   7   0   1   2   0   0 100

M_Bunn 30 eng 15 1 1 1 18 258 300 300 300 # Buy now 1mill

S_Whittaker 30 sco 1 12 6 3 26 300 725 747 782 # Buy now 3mill
I_Miquel 22 spa 1 11 3 4 29 300 300 800 750 # Buy now 1.5mill
J_Hooiveld 31 ned 1 11 4 5 22 300 68 634 584 # Buy now 1mill

V_Odjidja 25 bel 1 7 12 4 23 300 662 734 824 # Buy now 3mill
A_Martinez 28 spa 1 4 11 3 24 300 765 415 824 # Buy now 1.5mill
C_McGrandles 19 sco 1 5 10 4 19 300 389 745 439 # Buy now 1mill

L_Grabban 26 jam 1 4 9 12 17 300 748 418 337 # Buy now 3mill
C_Jerome 28 eng 1 3 8 11 20 300 800 500 700 # Buy now 2mill


A_McGregor    32 sco 22  1  1  1 20 241 300 300 300   4   0  381   0  30   7   0   0   0   0   0   0   0   0 100 #hul
P_Cech        32 cze 20  1  1  1 16 971 300 300 300   5   0  477   0  39   9   0   0   0   0   0   0   0   0 100 #hul
E_Garay       27 arg  1 16 10  5 22 300 345 943  93   6   0  532   0   0   0  13   7   4   0   0  10   0   0  97 #hul
L_Rosenior    30 eng  1 14 10  6 21 300 498 835 926   8   0  763   0   0   0  14   8   6   2   2   0   0   0 100 #hul
T_Spurr       27 eng  1 13  4  6 23 300 310 918 910   5   0  478   0   0   0   8   4   3   0   0   0   0   0 100 #hul
M_Kelly       24 eng  1 13  9  5 22 300 121 585 911   7   0  667   0   0   0  11   5   6   2   0   2   0   0 100 #hul
J_Perch       29 eng  1 12  5  4 20 300 830 975 858   6   0  574   0   0   0   8   7   1   0   0   2   0   0  92 #hul
J_Robinson    21 eng  1 11  6  4 26 300 831 170 222   5   0  477   0   0   0   6   5   3   0   0   4   0   0  97 #hul
D_Dervite     26 fra  1 11  7  5 24 300 724 643 718   5   0  427   0   0   0   9   0   2   0   0   0   0   0  97 #hul
H_B_Arfa      27 fra  1  3 16 10 18 300  38 261 864   5   0  477   1   0   0   3  12  14   1   0   0   0   0 100 #hul
S_Gerrard     34 eng  1  4 15  9 12 300 463 658 165   6   0  570   0   0   0   1  15   8   1   2   0   0   0 100 #hul
R_Snodgrass   27 sco  1  3 15 10 23 300 990 137 791   6   0  571   0   0   0   1  18  11   2   1   4   0   0  97 #hul
G_Ramirez     23 urg  1  3 15 10 17 300 906  36 830   5   0  475   0   0   0   1  13   8   0   1   0   0   0  97 #hul
F_Lampard     36 eng  1  4 13  8 20 300 846 958 750   6   0  574   0   0   0   0  13  14   0   1   0   0   0  97 #hul
L_Alberto     23 spa  1  4 13  8 27 300 700 364 554   3   1  225   0   0   0   0   4   2   0   2   0   0   0  97 #hul
M_Phillips    23 sco  1  3 13  9 16 300 822 149 752   6   3  401   0   0   0   1   4  12   0   0   0   0   0 100 #hul
J_Hogg        25 eng  1  8 12  4 16 300 167 865 897   6   1  507   0   0   0   4  13   3   0   2   0   0   0 100 #hul
E_Huws        21 wal  1  8 11  5 20 300 896 950 161   3   0  287   0   0   0   0   7   4   0   0   0   0   0 100 #hul
D_Ward        22 eng  1  6 11  5 22 300 986 865 861   8   4  547   0   0   0   1   8   7   0   1   2   0   0 100 #hul
C_Coady       21 eng  1  3 11  8 14 300 721 334   2   1   0   97   0   0   0   0   1   0   0   0   0   0   0 100 #hul
S_Odelusi     21 eng  1  5 10  7 22 300 135 854 984   0   0    0   0   0   0   0   0   0   0   0   0   0   0 100 #hul
M_Vydra       22 cze  1  5 10 14 22 300 939 808 863   9   1  755   2   0   0   3  12  35   3   0   0   0   0 100 #hul
D_Ings        22 eng  1  2  9 14 22 300 993 843 537   5   0  475   2   0   0   1   6  28   2   0   0   0   0  97 #hul
Eder          26 por  1  4  5 13 21 300 336 348 355   5   0  479   0   0   0   3   4  20   0   0   0   0   0 100 #hul
R_Gestede     26 ben  1  4  8 12 16 300 765 595 772   4   0  382   1   0   0   0   5  15   4   0   0   0   0  97 #hul
