K_Casilla     27 esp 21  1  1  1 31 400 300 300 300   0   0    0   0   0   0   0   0   0   0   0   0   0   0 100
S_Romero      27 arg 20  1  1  1 21 200 300 300 300   0   0    0   0   0   0   0   0   0   0   0   0   0   0 100
K_Nordfelt    25 swe 19  1  1  1 24 800 300 300 300   0   0    0   0   0   0   0   0   0   0   0   0   0   0 100

Mariano       28 bra  1 15  8  4 19 300 500 300 300   0   0    0   0   0   0   0   0   0   0   0   0   0   0 100
J_Holebas     30 gre  1 15 10  6 35 300 100 300 300   0   0    0   0   0   0   0   0   0   0   0   0   0   0 100
M_Darmian     24 ita  1 15 10  5 17 300 600 300 300   0   0    0   0   0   0   0   0   0   0   0   0   0   0 100
M_Richards    26 eng  1 15  8  4 26 300 500 300 300   0   0    0   0   0   0   0   0   0   0   0   0   0   0 100
J_A_Crespo    27 esp  1 14  7  5 15 300 100 300 300   0   0    0   0   0   0   0   0   0   0   0   0   0   0 100
B_Rahman      20 gha  1 14  8  4 29 300 700 300 300   0   0    0   0   0   0   0   0   0   0   0   0   0   0 100
C_Fuchs       27 aut  1 14  9  5 15 300 700 500 300   0   0    0   0   0   0   0   0   0   0   0   0   0   0 100
P_Wollscheid  25 ger  1 14  8  4 25 300 500 300 300   0   0    0   0   0   0   0   0   0   0   0   0   0   0 100
K_Wimmer      21 aut  1 14  7  5 25 300 600 300 300   0   0    0   0   0   0   0   0   0   0   0   0   0   0 100
M_Britos      29 uru  1 14  9  5 25 300 400 300 300   0   0    0   0   0   0   0   0   0   0   0   0   0   0 100
A_Nyom        26 fra  1 14  8  4 18 300 400 300 300   0   0    0   0   0   0   0   0   0   0   0   0   0   0 100
S_Prodl       27 aut  1 14  7  6 18 300 200 400 300   0   0    0   0   0   0   0   0   0   0   0   0   0   0 100
Y_Benalouane  27 tun  1 13  4  3 24 300 800 300 300   0   0    0   0   0   0   0   0   0   0   0   0   0   0 100
Jesus_Vallejo 17 esp  1 13  8  6 21 300 600 300 300   0   0    0   0   0   0   0   0   0   0   0   0   0   0 100
J_Amavi       20 fra  1 12  8  6 30 300 600 300 300   0   0    0   0   0   0   0   0   0   0   0   0   0   0 100

K_De_Bruyne   22 bel  1  6 17 10 30 300 300 300 300   0   0    0   0   0   0   0   0   0   0   0   0   0   0 100
D_Payet       27 fre  1  4 16 10 28 300 300 300 300   0   0    0   0   0   0   0   0   0   0   0   0   0   0 100
E_Konoplyanka 24 ukr  1  5 16 10 32 300 300 300 300   0   0    0   0   0   0   0   0   0   0   0   0   0   0 100
R_Firmino     22 bra  1  4 16 10 20 300 300 300 300   0   0    0   0   0   0   0   0   0   0   0   0   0   0 100
A_Ayew        24 gha  1  5 15  9 30 300 300 700 300   0   0    0   0   0   0   0   0   0   0   0   0   0   0 100
J_Clasie      23 hol  1  8 15  4 22 300 300 400 300   0   0    0   0   0   0   0   0   0   0   0   0   0   0 100
M_Krohn_Dehli 31 den  1  5 15  8 15 300 300 600 300   0   0    0   0   0   0   0   0   0   0   0   0   0   0 100
G_Inler       30 swi  1 10 15  5 23 300 300 800 300   0   0    0   0   0   0   0   0   0   0   0   0   0   0 100
V_Behrami     29 swi  1 10 15  4 20 300 300 400 300   0   0    0   0   0   0   0   0   0   0   0   0   0   0 100
J_Jurado      28 esp  1  4 15  8 32 300 300 500 300   0   0    0   0   0   0   0   0   0   0   0   0   0   0 100
I_Gueye       24 sen  1 10 14  5 24 300 300 500 300   0   0    0   0   0   0   0   0   0   0   0   0   0   0 100
F_Thauvin     21 fra  1  4 14  7 21 300 300 600 300   0   0    0   0   0   0   0   0   0   0   0   0   0   0 100
F_Tabanou     25 fra  1  8 14  5 32 300 300 700 300   0   0    0   0   0   0   0   0   0   0   0   0   0   0 100
Y_M_Vila      24 fra  1  9 14  3 30 300 500 600 300   0   0    0   0   0   0   0   0   0   0   0   0   0   0 100
M_Lanzini     21 arg  1  6 14  9 27 300 300 700 300   0   0    0   0   0   0   0   0   0   0   0   0   0   0 100
P_Obiang      22 esp  1 10 14  4 21 300 300 500 300   0   0    0   0   0   0   0   0   0   0   0   0   0   0 100
J_Veretout    21 fra  1  8 13  8 22 300 300 600 400   0   0    0   0   0   0   0   0   0   0   0   0   0   0 100
Nathan        18 bra  1  5 13  9 17 300 300 600 500   0   0    0   0   0   0   0   0   0   0   0   0   0   0 100
D_Pantic      17 ser  1  4 12 10 19 300 300 400 400   0   0    0   0   0   0   0   0   0   0   0   0   0   0 100
Allan         17 bra  1  9 12  4 24 300 300 600 300   0   0    0   0   0   0   0   0   0   0   0   0   0   0 100

J_Lens        26 hol  1  6  8 15 18 300 300 300 300   0   0    0   0   0   0   0   0   0   0   0   0   0   0 100
S_Okazaki     28 jap  1  5  8 15 23 300 300 300 300   0   0    0   0   0   0   0   0   0   0   0   0   0   0 100
J_Ayew        22 gha  1  5  7 14 30 300 300 300 600   0   0    0   0   0   0   0   0   0   0   0   0   0   0 100
A_Diamanti    31 ita  1  4  9 14 15 300 300 300 500   0   0    0   0   0   0   0   0   0   0   0   0   0   0 100
D_Faupala     17 fra  1  6  9 12 20 300 300 300 600   0   0    0   0   0   0   0   0   0   0   0   0   0   0 100
Juanmi        21 esp  1  4  9 13 21 300 300 700 500   0   0    0   0   0   0   0   0   0   0   0   0   0   0 100
